0.091127 9.973655 0.142551 0.963260 0.000000 0.936630 0.000000 0.063370 1314.652089 
0.091346 9.947373 0.142881 0.963171 0.000000 0.936479 0.000000 0.063521 1310.038033 
0.091565 9.921153 0.143211 0.963082 0.000000 0.936327 0.000000 0.063673 1305.440464 
0.091785 9.894997 0.143542 0.962993 0.000000 0.936174 0.000000 0.063826 1300.859321 
0.092006 9.868903 0.143874 0.962903 0.000000 0.936022 0.000000 0.063978 1296.294547 
0.092226 9.842872 0.144207 0.962813 0.000000 0.935868 0.000000 0.064132 1291.746083 
0.092448 9.816903 0.144540 0.962723 0.000000 0.935715 0.000000 0.064285 1287.213870 
0.092670 9.790996 0.144874 0.962633 0.000000 0.935561 0.000000 0.064439 1282.697851 
0.092892 9.765152 0.145209 0.962542 0.000000 0.935406 0.000000 0.064594 1278.197967 
0.093115 9.739369 0.145544 0.962452 0.000000 0.935251 0.000000 0.064749 1273.714161 
0.093339 9.713648 0.145881 0.962360 0.000000 0.935096 0.000000 0.064904 1269.246375 
0.093563 9.687988 0.146218 0.962269 0.000000 0.934941 0.000000 0.065059 1264.794553 
0.093788 9.662390 0.146555 0.962178 0.000000 0.934785 0.000000 0.065215 1260.358636 
0.094013 9.636854 0.146894 0.962086 0.000000 0.934628 0.000000 0.065372 1255.938568 
0.094238 9.611378 0.147233 0.961994 0.000000 0.934471 0.000000 0.065529 1251.534292 
0.094465 9.585964 0.147573 0.961901 0.000000 0.934314 0.000000 0.065686 1247.145752 
0.094691 9.560610 0.147914 0.961809 0.000000 0.934156 0.000000 0.065844 1242.772892 
0.094919 9.535317 0.148255 0.961716 0.000000 0.933998 0.000000 0.066002 1238.415655 
0.095147 9.510085 0.148598 0.961623 0.000000 0.933840 0.000000 0.066160 1234.073986 
0.095375 9.484913 0.148941 0.961530 0.000000 0.933681 0.000000 0.066319 1229.747828 
0.095604 9.459801 0.149284 0.961436 0.000000 0.933522 0.000000 0.066478 1225.437127 
0.095834 9.434750 0.149629 0.961343 0.000000 0.933362 0.000000 0.066638 1221.141827 
0.096064 9.409758 0.149974 0.961249 0.000000 0.933202 0.000000 0.066798 1216.861873 
0.096294 9.384827 0.150320 0.961154 0.000000 0.933041 0.000000 0.066959 1212.597210 
0.096526 9.359955 0.150667 0.961060 0.000000 0.932880 0.000000 0.067120 1208.347784 
0.096757 9.335143 0.151015 0.960965 0.000000 0.932719 0.000000 0.067281 1204.113539 
0.096990 9.310390 0.151363 0.960870 0.000000 0.932557 0.000000 0.067443 1199.894422 
0.097222 9.285696 0.151712 0.960775 0.000000 0.932394 0.000000 0.067606 1195.690379 
0.097456 9.261062 0.152062 0.960679 0.000000 0.932232 0.000000 0.067768 1191.501356 
0.097690 9.236486 0.152413 0.960583 0.000000 0.932069 0.000000 0.067931 1187.327298 
0.097924 9.211970 0.152764 0.960487 0.000000 0.931905 0.000000 0.068095 1183.168153 
0.098159 9.187512 0.153117 0.960391 0.000000 0.931741 0.000000 0.068259 1179.023867 
0.098395 9.163112 0.153470 0.960294 0.000000 0.931577 0.000000 0.068423 1174.894387 
0.098631 9.138771 0.153823 0.960197 0.000000 0.931412 0.000000 0.068588 1170.779660 
0.098868 9.114489 0.154178 0.960100 0.000000 0.931247 0.000000 0.068753 1166.679633 
0.099105 9.090264 0.154533 0.960003 0.000000 0.931081 0.000000 0.068919 1162.594254 
0.099343 9.066098 0.154889 0.959905 0.000000 0.930915 0.000000 0.069085 1158.523471 
0.099582 9.041990 0.155246 0.959807 0.000000 0.930748 0.000000 0.069252 1154.467230 
0.099821 9.017939 0.155604 0.959709 0.000000 0.930581 0.000000 0.069419 1150.425481 
0.100061 8.993946 0.155962 0.959611 0.000000 0.930414 0.000000 0.069586 1146.398171 
0.100301 8.970010 0.156322 0.959512 0.000000 0.930246 0.000000 0.069754 1142.385248 
0.100542 8.946131 0.156682 0.959413 0.000000 0.930077 0.000000 0.069923 1138.386662 
0.100783 8.922310 0.157043 0.959314 0.000000 0.929909 0.000000 0.070091 1134.402361 
0.101025 8.898546 0.157404 0.959214 0.000000 0.929739 0.000000 0.070261 1130.432294 
0.101267 8.874839 0.157767 0.959115 0.000000 0.929570 0.000000 0.070430 1126.476410 
0.101511 8.851188 0.158130 0.959015 0.000000 0.929400 0.000000 0.070600 1122.534658 
0.101754 8.827595 0.158494 0.958914 0.000000 0.929229 0.000000 0.070771 1118.606988 
0.101999 8.804057 0.158859 0.958814 0.000000 0.929058 0.000000 0.070942 1114.693349 
0.102243 8.780576 0.159224 0.958713 0.000000 0.928886 0.000000 0.071114 1110.793692 
0.102489 8.757152 0.159591 0.958612 0.000000 0.928714 0.000000 0.071286 1106.907965 
0.102735 8.733783 0.159958 0.958510 0.000000 0.928542 0.000000 0.071458 1103.036121 
0.102982 8.710470 0.160326 0.958409 0.000000 0.928369 0.000000 0.071631 1099.178108 
0.103229 8.687214 0.160695 0.958307 0.000000 0.928196 0.000000 0.071804 1095.333878 
0.103477 8.664012 0.161065 0.958205 0.000000 0.928022 0.000000 0.071978 1091.503381 
0.103725 8.640867 0.161435 0.958102 0.000000 0.927848 0.000000 0.072152 1087.686567 
0.103974 8.617777 0.161806 0.957999 0.000000 0.927673 0.000000 0.072327 1083.883389 
0.104224 8.594742 0.162179 0.957896 0.000000 0.927498 0.000000 0.072502 1080.093798 
0.104474 8.571762 0.162552 0.957793 0.000000 0.927323 0.000000 0.072677 1076.317744 
0.104725 8.548838 0.162925 0.957689 0.000000 0.927146 0.000000 0.072854 1072.555179 
0.104976 8.525968 0.163300 0.957586 0.000000 0.926970 0.000000 0.073030 1068.806056 
0.105228 8.503153 0.163675 0.957481 0.000000 0.926793 0.000000 0.073207 1065.070326 
0.105481 8.480393 0.164051 0.957377 0.000000 0.926615 0.000000 0.073385 1061.347941 
0.105734 8.457687 0.164428 0.957272 0.000000 0.926438 0.000000 0.073562 1057.638854 
0.105988 8.435036 0.164806 0.957167 0.000000 0.926259 0.000000 0.073741 1053.943016 
0.106242 8.412439 0.165185 0.957062 0.000000 0.926080 0.000000 0.073920 1050.260382 
0.106497 8.389896 0.165564 0.956956 0.000000 0.925901 0.000000 0.074099 1046.590903 
0.106753 8.367407 0.165945 0.956850 0.000000 0.925721 0.000000 0.074279 1042.934532 
0.107009 8.344972 0.166326 0.956744 0.000000 0.925541 0.000000 0.074459 1039.291223 
0.107266 8.322590 0.166708 0.956638 0.000000 0.925360 0.000000 0.074640 1035.660929 
0.107524 8.300262 0.167091 0.956531 0.000000 0.925179 0.000000 0.074821 1032.043603 
0.107782 8.277988 0.167474 0.956424 0.000000 0.924997 0.000000 0.075003 1028.439200 
0.108041 8.255767 0.167859 0.956317 0.000000 0.924815 0.000000 0.075185 1024.847672 
0.108300 8.233599 0.168244 0.956209 0.000000 0.924632 0.000000 0.075368 1021.268974 
0.108560 8.211485 0.168630 0.956101 0.000000 0.924449 0.000000 0.075551 1017.703060 
0.108821 8.189423 0.169018 0.955993 0.000000 0.924265 0.000000 0.075735 1014.149885 
0.109082 8.167414 0.169405 0.955884 0.000000 0.924081 0.000000 0.075919 1010.609402 
0.109344 8.145458 0.169794 0.955775 0.000000 0.923896 0.000000 0.076104 1007.081567 
0.109606 8.123554 0.170184 0.955666 0.000000 0.923711 0.000000 0.076289 1003.566334 
0.109870 8.101703 0.170574 0.955557 0.000000 0.923525 0.000000 0.076475 1000.063658 
0.110133 8.079904 0.170965 0.955447 0.000000 0.923339 0.000000 0.076661 996.573494 
0.110398 8.058158 0.171357 0.955337 0.000000 0.923152 0.000000 0.076848 993.095798 
0.110663 8.036463 0.171750 0.955227 0.000000 0.922965 0.000000 0.077035 989.630525 
0.110928 8.014821 0.172144 0.955116 0.000000 0.922778 0.000000 0.077222 986.177631 
0.111195 7.993230 0.172539 0.955005 0.000000 0.922590 0.000000 0.077410 982.737071 
0.111462 7.971691 0.172934 0.954894 0.000000 0.922401 0.000000 0.077599 979.308802 
0.111729 7.950204 0.173331 0.954783 0.000000 0.922212 0.000000 0.077788 975.892779 
0.111998 7.928768 0.173728 0.954671 0.000000 0.922022 0.000000 0.077978 972.488958 
0.112266 7.907383 0.174126 0.954559 0.000000 0.921832 0.000000 0.078168 969.097297 
0.112536 7.886050 0.174525 0.954446 0.000000 0.921641 0.000000 0.078359 965.717752 
0.112806 7.864767 0.174925 0.954333 0.000000 0.921450 0.000000 0.078550 962.350278 
0.113077 7.843536 0.175326 0.954220 0.000000 0.921258 0.000000 0.078742 958.994834 
0.113348 7.822356 0.175727 0.954107 0.000000 0.921066 0.000000 0.078934 955.651376 
0.113621 7.801226 0.176130 0.953993 0.000000 0.920873 0.000000 0.079127 952.319862 
0.113893 7.780147 0.176533 0.953879 0.000000 0.920680 0.000000 0.079320 949.000248 
0.114167 7.759118 0.176938 0.953765 0.000000 0.920486 0.000000 0.079514 945.692493 
0.114441 7.738140 0.177343 0.953650 0.000000 0.920292 0.000000 0.079708 942.396553 
0.114716 7.717212 0.177749 0.953535 0.000000 0.920097 0.000000 0.079903 939.112387 
0.114991 7.696334 0.178155 0.953420 0.000000 0.919902 0.000000 0.080098 935.839953 
0.115267 7.675506 0.178563 0.953305 0.000000 0.919706 0.000000 0.080294 932.579208 
0.115544 7.654728 0.178972 0.953189 0.000000 0.919510 0.000000 0.080490 929.330111 
0.115821 7.634000 0.179381 0.953072 0.000000 0.919313 0.000000 0.080687 926.092621 
0.116099 7.613321 0.179792 0.952956 0.000000 0.919115 0.000000 0.080885 922.866695 
0.116378 7.592692 0.180203 0.952839 0.000000 0.918917 0.000000 0.081083 919.652293 
0.116657 7.572112 0.180615 0.952722 0.000000 0.918719 0.000000 0.081281 916.449373 
0.116937 7.551582 0.181028 0.952604 0.000000 0.918520 0.000000 0.081480 913.257895 
0.117218 7.531101 0.181442 0.952486 0.000000 0.918320 0.000000 0.081680 910.077817 
0.117500 7.510668 0.181857 0.952368 0.000000 0.918120 0.000000 0.081880 906.909099 
0.117782 7.490285 0.182273 0.952250 0.000000 0.917920 0.000000 0.082080 903.751700 
0.118064 7.469951 0.182689 0.952131 0.000000 0.917718 0.000000 0.082282 900.605579 
0.118348 7.449665 0.183107 0.952012 0.000000 0.917517 0.000000 0.082483 897.470698 
0.118632 7.429428 0.183525 0.951892 0.000000 0.917314 0.000000 0.082686 894.347014 
0.118917 7.409239 0.183945 0.951773 0.000000 0.917112 0.000000 0.082888 891.234489 
0.119202 7.389099 0.184365 0.951652 0.000000 0.916908 0.000000 0.083092 888.133082 
0.119488 7.369007 0.184786 0.951532 0.000000 0.916704 0.000000 0.083296 885.042754 
0.119775 7.348963 0.185208 0.951411 0.000000 0.916500 0.000000 0.083500 881.963466 
0.120063 7.328967 0.185631 0.951290 0.000000 0.916295 0.000000 0.083705 878.895177 
0.120351 7.309019 0.186055 0.951168 0.000000 0.916089 0.000000 0.083911 875.837848 
0.120640 7.289119 0.186480 0.951047 0.000000 0.915883 0.000000 0.084117 872.791441 
0.120930 7.269266 0.186906 0.950925 0.000000 0.915677 0.000000 0.084323 869.755916 
0.121220 7.249461 0.187332 0.950802 0.000000 0.915470 0.000000 0.084530 866.731235 
0.121511 7.229703 0.187760 0.950679 0.000000 0.915262 0.000000 0.084738 863.717358 
0.121803 7.209993 0.188188 0.950556 0.000000 0.915053 0.000000 0.084947 860.714248 
0.122095 7.190330 0.188618 0.950432 0.000000 0.914844 0.000000 0.085156 857.721866 
0.122388 7.170714 0.189048 0.950309 0.000000 0.914635 0.000000 0.085365 854.740172 
0.122682 7.151145 0.189479 0.950184 0.000000 0.914425 0.000000 0.085575 851.769130 
0.122977 7.131622 0.189912 0.950060 0.000000 0.914214 0.000000 0.085786 848.808702 
0.123272 7.112147 0.190345 0.949935 0.000000 0.914003 0.000000 0.085997 845.858848 
0.123568 7.092718 0.190779 0.949810 0.000000 0.913792 0.000000 0.086208 842.919533 
0.123865 7.073336 0.191214 0.949684 0.000000 0.913579 0.000000 0.086421 839.990717 
0.124162 7.054000 0.191650 0.949558 0.000000 0.913366 0.000000 0.086634 837.072363 
0.124460 7.034711 0.192087 0.949432 0.000000 0.913153 0.000000 0.086847 834.164435 
0.124759 7.015467 0.192524 0.949305 0.000000 0.912939 0.000000 0.087061 831.266895 
0.125058 6.996270 0.192963 0.949178 0.000000 0.912724 0.000000 0.087276 828.379705 
0.125359 6.977119 0.193403 0.949051 0.000000 0.912509 0.000000 0.087491 825.502829 
0.125660 6.958014 0.193843 0.948923 0.000000 0.912293 0.000000 0.087707 822.636231 
0.125961 6.938954 0.194285 0.948795 0.000000 0.912077 0.000000 0.087923 819.779872 
0.126264 6.919940 0.194727 0.948666 0.000000 0.911860 0.000000 0.088140 816.933718 
0.126567 6.900971 0.195171 0.948538 0.000000 0.911642 0.000000 0.088358 814.097730 
0.126871 6.882048 0.195615 0.948409 0.000000 0.911424 0.000000 0.088576 811.271874 
0.127175 6.863171 0.196060 0.948279 0.000000 0.911205 0.000000 0.088795 808.456113 
0.127480 6.844338 0.196507 0.948149 0.000000 0.910986 0.000000 0.089014 805.650410 
0.127787 6.825551 0.196954 0.948019 0.000000 0.910766 0.000000 0.089234 802.854731 
0.128093 6.806809 0.197402 0.947888 0.000000 0.910546 0.000000 0.089454 800.069039 
0.128401 6.788111 0.197851 0.947757 0.000000 0.910325 0.000000 0.089675 797.293298 
0.128709 6.769458 0.198302 0.947626 0.000000 0.910103 0.000000 0.089897 794.527473 
0.129018 6.750850 0.198753 0.947494 0.000000 0.909881 0.000000 0.090119 791.771529 
0.129328 6.732287 0.199205 0.947362 0.000000 0.909658 0.000000 0.090342 789.025430 
0.129638 6.713768 0.199658 0.947230 0.000000 0.909434 0.000000 0.090566 786.289141 
0.129950 6.695293 0.200112 0.947097 0.000000 0.909210 0.000000 0.090790 783.562628 
0.130262 6.676863 0.200567 0.946964 0.000000 0.908985 0.000000 0.091015 780.845855 
0.130574 6.658477 0.201023 0.946830 0.000000 0.908760 0.000000 0.091240 778.138787 
0.130888 6.640134 0.201479 0.946696 0.000000 0.908534 0.000000 0.091466 775.441391 
0.131202 6.621836 0.201937 0.946562 0.000000 0.908307 0.000000 0.091693 772.753630 
0.131517 6.603582 0.202396 0.946427 0.000000 0.908080 0.000000 0.091920 770.075472 
0.131833 6.585371 0.202856 0.946292 0.000000 0.907852 0.000000 0.092148 767.406882 
0.132149 6.567204 0.203317 0.946156 0.000000 0.907624 0.000000 0.092376 764.747825 
0.132466 6.549080 0.203778 0.946020 0.000000 0.907395 0.000000 0.092605 762.098268 
0.132784 6.531000 0.204241 0.945884 0.000000 0.907165 0.000000 0.092835 759.458176 
0.133103 6.512963 0.204705 0.945748 0.000000 0.906935 0.000000 0.093065 756.827517 
0.133423 6.494969 0.205170 0.945611 0.000000 0.906704 0.000000 0.093296 754.206255 
0.133743 6.477019 0.205635 0.945473 0.000000 0.906472 0.000000 0.093528 751.594359 
0.134064 6.459111 0.206102 0.945335 0.000000 0.906240 0.000000 0.093760 748.991793 
0.134386 6.441246 0.206570 0.945197 0.000000 0.906007 0.000000 0.093993 746.398526 
0.134709 6.423424 0.207038 0.945059 0.000000 0.905774 0.000000 0.094226 743.814524 
0.135032 6.405645 0.207508 0.944920 0.000000 0.905539 0.000000 0.094461 741.239753 
0.135356 6.387908 0.207979 0.944780 0.000000 0.905305 0.000000 0.094695 738.674181 
0.135681 6.370214 0.208450 0.944641 0.000000 0.905069 0.000000 0.094931 736.117775 
0.136007 6.352562 0.208923 0.944500 0.000000 0.904833 0.000000 0.095167 733.570503 
0.136334 6.334953 0.209397 0.944360 0.000000 0.904596 0.000000 0.095404 731.032332 
0.136661 6.317385 0.209872 0.944219 0.000000 0.904359 0.000000 0.095641 728.503228 
0.136989 6.299860 0.210347 0.944077 0.000000 0.904121 0.000000 0.095879 725.983161 
0.137318 6.282377 0.210824 0.943936 0.000000 0.903882 0.000000 0.096118 723.472097 
0.137647 6.264935 0.211302 0.943794 0.000000 0.903643 0.000000 0.096357 720.970005 
0.137978 6.247536 0.211780 0.943651 0.000000 0.903403 0.000000 0.096597 718.476853 
0.138309 6.230178 0.212260 0.943508 0.000000 0.903163 0.000000 0.096837 715.992608 
0.138641 6.212861 0.212741 0.943365 0.000000 0.902921 0.000000 0.097079 713.517240 
0.138974 6.195586 0.213222 0.943221 0.000000 0.902679 0.000000 0.097321 711.050715 
0.139308 6.178353 0.213705 0.943077 0.000000 0.902437 0.000000 0.097563 708.593003 
0.139642 6.161160 0.214189 0.942932 0.000000 0.902193 0.000000 0.097807 706.144073 
0.139977 6.144009 0.214674 0.942787 0.000000 0.901949 0.000000 0.098051 703.703893 
0.140313 6.126899 0.215160 0.942642 0.000000 0.901705 0.000000 0.098295 701.272431 
0.140650 6.109830 0.215646 0.942496 0.000000 0.901460 0.000000 0.098540 698.849657 
0.140988 6.092802 0.216134 0.942350 0.000000 0.901214 0.000000 0.098786 696.435540 
0.141326 6.075814 0.216623 0.942203 0.000000 0.900967 0.000000 0.099033 694.030049 
0.141666 6.058868 0.217113 0.942056 0.000000 0.900720 0.000000 0.099280 691.633153 
0.142006 6.041961 0.217604 0.941908 0.000000 0.900472 0.000000 0.099528 689.244821 
0.142347 6.025096 0.218096 0.941760 0.000000 0.900223 0.000000 0.099777 686.865023 
0.142689 6.008271 0.218589 0.941612 0.000000 0.899974 0.000000 0.100026 684.493729 
0.143031 5.991486 0.219083 0.941463 0.000000 0.899723 0.000000 0.100277 682.130908 
0.143375 5.974741 0.219578 0.941314 0.000000 0.899473 0.000000 0.100527 679.776530 
0.143719 5.958036 0.220075 0.941164 0.000000 0.899221 0.000000 0.100779 677.430565 
0.144064 5.941372 0.220572 0.941014 0.000000 0.898969 0.000000 0.101031 675.092982 
0.144410 5.924747 0.221070 0.940864 0.000000 0.898716 0.000000 0.101284 672.763753 
0.144756 5.908162 0.221569 0.940713 0.000000 0.898463 0.000000 0.101537 670.442846 
0.145104 5.891617 0.222070 0.940562 0.000000 0.898209 0.000000 0.101791 668.130234 
0.145452 5.875111 0.222571 0.940410 0.000000 0.897954 0.000000 0.102046 665.825885 
0.145801 5.858645 0.223073 0.940258 0.000000 0.897698 0.000000 0.102302 663.529770 
0.146151 5.842218 0.223577 0.940105 0.000000 0.897442 0.000000 0.102558 661.241861 
0.146502 5.825831 0.224081 0.939952 0.000000 0.897185 0.000000 0.102815 658.962128 
0.146854 5.809483 0.224587 0.939798 0.000000 0.896927 0.000000 0.103073 656.690541 
0.147207 5.793174 0.225094 0.939644 0.000000 0.896668 0.000000 0.103332 654.427073 
0.147560 5.776904 0.225601 0.939490 0.000000 0.896409 0.000000 0.103591 652.171693 
0.147914 5.760674 0.226110 0.939335 0.000000 0.896149 0.000000 0.103851 649.924373 
0.148269 5.744482 0.226620 0.939180 0.000000 0.895889 0.000000 0.104111 647.685084 
0.148625 5.728328 0.227131 0.939024 0.000000 0.895627 0.000000 0.104373 645.453798 
0.148982 5.712214 0.227643 0.938868 0.000000 0.895365 0.000000 0.104635 643.230486 
0.149340 5.696138 0.228156 0.938711 0.000000 0.895102 0.000000 0.104898 641.015119 
0.149698 5.680101 0.228670 0.938554 0.000000 0.894839 0.000000 0.105161 638.807670 
0.150058 5.664102 0.229185 0.938396 0.000000 0.894575 0.000000 0.105425 636.608110 
0.150418 5.648141 0.229701 0.938238 0.000000 0.894310 0.000000 0.105690 634.416411 
0.150779 5.632219 0.230219 0.938080 0.000000 0.894044 0.000000 0.105956 632.232546 
0.151141 5.616334 0.230737 0.937921 0.000000 0.893778 0.000000 0.106222 630.056485 
0.151504 5.600488 0.231256 0.937762 0.000000 0.893510 0.000000 0.106490 627.888201 
0.151868 5.584680 0.231777 0.937602 0.000000 0.893242 0.000000 0.106758 625.727668 
0.152232 5.568909 0.232299 0.937441 0.000000 0.892974 0.000000 0.107026 623.574856 
0.152598 5.553176 0.232821 0.937281 0.000000 0.892704 0.000000 0.107296 621.429738 
0.152964 5.537481 0.233345 0.937119 0.000000 0.892434 0.000000 0.107566 619.292288 
0.153331 5.521824 0.233870 0.936958 0.000000 0.892163 0.000000 0.107837 617.162477 
0.153699 5.506204 0.234396 0.936795 0.000000 0.891892 0.000000 0.108108 615.040279 
0.154068 5.490622 0.234923 0.936633 0.000000 0.891619 0.000000 0.108381 612.925667 
0.154438 5.475076 0.235451 0.936470 0.000000 0.891346 0.000000 0.108654 610.818613 
0.154809 5.459569 0.235981 0.936306 0.000000 0.891072 0.000000 0.108928 608.719090 
0.155181 5.444098 0.236511 0.936142 0.000000 0.890797 0.000000 0.109203 606.627072 
0.155553 5.428664 0.237042 0.935978 0.000000 0.890522 0.000000 0.109478 604.542531 
0.155927 5.413267 0.237575 0.935813 0.000000 0.890246 0.000000 0.109754 602.465443 
0.156301 5.397907 0.238109 0.935647 0.000000 0.889969 0.000000 0.110031 600.395778 
0.156676 5.382584 0.238643 0.935481 0.000000 0.889691 0.000000 0.110309 598.333512 
0.157052 5.367298 0.239179 0.935315 0.000000 0.889412 0.000000 0.110588 596.278619 
0.157430 5.352048 0.239716 0.935148 0.000000 0.889133 0.000000 0.110867 594.231070 
0.157807 5.336835 0.240254 0.934980 0.000000 0.888853 0.000000 0.111147 592.190842 
0.158186 5.321658 0.240794 0.934812 0.000000 0.888572 0.000000 0.111428 590.157906 
0.158566 5.306517 0.241334 0.934644 0.000000 0.888290 0.000000 0.111710 588.132239 
0.158947 5.291413 0.241875 0.934475 0.000000 0.888008 0.000000 0.111992 586.113813 
0.159328 5.276345 0.242418 0.934306 0.000000 0.887724 0.000000 0.112276 584.102602 
0.159711 5.261313 0.242962 0.934136 0.000000 0.887440 0.000000 0.112560 582.098582 
0.160094 5.246317 0.243506 0.933965 0.000000 0.887156 0.000000 0.112844 580.101727 
0.160479 5.231357 0.244052 0.933795 0.000000 0.886870 0.000000 0.113130 578.112010 
0.160864 5.216433 0.244599 0.933623 0.000000 0.886584 0.000000 0.113416 576.129407 
0.161250 5.201544 0.245147 0.933451 0.000000 0.886296 0.000000 0.113704 574.153893 
0.161637 5.186691 0.245697 0.933279 0.000000 0.886008 0.000000 0.113992 572.185441 
0.162025 5.171874 0.246247 0.933106 0.000000 0.885719 0.000000 0.114281 570.224028 
0.162414 5.157092 0.246799 0.932933 0.000000 0.885430 0.000000 0.114570 568.269627 
0.162804 5.142346 0.247351 0.932759 0.000000 0.885139 0.000000 0.114861 566.322214 
0.163195 5.127635 0.247905 0.932584 0.000000 0.884848 0.000000 0.115152 564.381764 
0.163587 5.112959 0.248460 0.932410 0.000000 0.884556 0.000000 0.115444 562.448253 
0.163980 5.098318 0.249016 0.932234 0.000000 0.884263 0.000000 0.115737 560.521655 
0.164373 5.083713 0.249573 0.932058 0.000000 0.883969 0.000000 0.116031 558.601946 
0.164768 5.069142 0.250132 0.931882 0.000000 0.883675 0.000000 0.116325 556.689102 
0.165164 5.054606 0.250691 0.931705 0.000000 0.883380 0.000000 0.116620 554.783097 
0.165560 5.040105 0.251252 0.931527 0.000000 0.883083 0.000000 0.116917 552.883908 
0.165957 5.025639 0.251814 0.931349 0.000000 0.882786 0.000000 0.117214 550.991511 
0.166356 5.011208 0.252377 0.931171 0.000000 0.882489 0.000000 0.117511 549.105881 
0.166755 4.996811 0.252941 0.930992 0.000000 0.882190 0.000000 0.117810 547.226994 
0.167156 4.982448 0.253506 0.930812 0.000000 0.881890 0.000000 0.118110 545.354826 
0.167557 4.968120 0.254072 0.930632 0.000000 0.881590 0.000000 0.118410 543.489353 
0.167959 4.953826 0.254640 0.930452 0.000000 0.881289 0.000000 0.118711 541.630552 
0.168362 4.939567 0.255209 0.930270 0.000000 0.880987 0.000000 0.119013 539.778399 
0.168767 4.925341 0.255778 0.930089 0.000000 0.880684 0.000000 0.119316 537.932869 
0.169172 4.911150 0.256350 0.929906 0.000000 0.880380 0.000000 0.119620 536.093941 
0.169578 4.896993 0.256922 0.929724 0.000000 0.880076 0.000000 0.119924 534.261589 
0.169985 4.882869 0.257495 0.929540 0.000000 0.879770 0.000000 0.120230 532.435791 
0.170393 4.868780 0.258070 0.929357 0.000000 0.879464 0.000000 0.120536 530.616523 
0.170802 4.854724 0.258645 0.929172 0.000000 0.879157 0.000000 0.120843 528.803762 
0.171212 4.840702 0.259222 0.928987 0.000000 0.878849 0.000000 0.121151 526.997485 
0.171623 4.826713 0.259800 0.928802 0.000000 0.878540 0.000000 0.121460 525.197669 
0.172035 4.812758 0.260379 0.928616 0.000000 0.878230 0.000000 0.121770 523.404291 
0.172448 4.798836 0.260960 0.928429 0.000000 0.877919 0.000000 0.122081 521.617328 
0.172862 4.784948 0.261541 0.928242 0.000000 0.877608 0.000000 0.122392 519.836758 
0.173277 4.771093 0.262124 0.928055 0.000000 0.877295 0.000000 0.122705 518.062556 
0.173693 4.757271 0.262708 0.927866 0.000000 0.876982 0.000000 0.123018 516.294702 
0.174110 4.743482 0.263293 0.927678 0.000000 0.876668 0.000000 0.123332 514.533172 
0.174528 4.729726 0.263879 0.927488 0.000000 0.876353 0.000000 0.123647 512.777943 
0.174947 4.716003 0.264467 0.927298 0.000000 0.876037 0.000000 0.123963 511.028994 
0.175367 4.702313 0.265055 0.927108 0.000000 0.875720 0.000000 0.124280 509.286302 
0.175788 4.688656 0.265645 0.926917 0.000000 0.875402 0.000000 0.124598 507.549845 
0.176210 4.675032 0.266236 0.926725 0.000000 0.875084 0.000000 0.124916 505.819600 
0.176634 4.661440 0.266829 0.926533 0.000000 0.874764 0.000000 0.125236 504.095546 
0.177058 4.647881 0.267422 0.926341 0.000000 0.874444 0.000000 0.125556 502.377661 
0.177483 4.634354 0.268017 0.926147 0.000000 0.874123 0.000000 0.125877 500.665922 
0.177909 4.620860 0.268612 0.925953 0.000000 0.873801 0.000000 0.126199 498.960308 
0.178336 4.607397 0.269209 0.925759 0.000000 0.873477 0.000000 0.126523 497.260797 
0.178764 4.593968 0.269808 0.925564 0.000000 0.873153 0.000000 0.126847 495.567367 
0.179193 4.580570 0.270407 0.925368 0.000000 0.872828 0.000000 0.127172 493.879997 
0.179623 4.567204 0.271008 0.925172 0.000000 0.872503 0.000000 0.127497 492.198665 
0.180055 4.553871 0.271610 0.924976 0.000000 0.872176 0.000000 0.127824 490.523350 
0.180487 4.540569 0.272213 0.924778 0.000000 0.871848 0.000000 0.128152 488.854030 
0.180920 4.527299 0.272817 0.924580 0.000000 0.871519 0.000000 0.128481 487.190684 
0.181355 4.514061 0.273422 0.924382 0.000000 0.871190 0.000000 0.128810 485.533291 
0.181790 4.500855 0.274029 0.924183 0.000000 0.870859 0.000000 0.129141 483.881830 
0.182226 4.487680 0.274637 0.923983 0.000000 0.870528 0.000000 0.129472 482.236279 
0.182664 4.474537 0.275246 0.923783 0.000000 0.870196 0.000000 0.129804 480.596618 
0.183102 4.461426 0.275856 0.923582 0.000000 0.869862 0.000000 0.130138 478.962826 
0.183542 4.448345 0.276468 0.923380 0.000000 0.869528 0.000000 0.130472 477.334881 
0.183983 4.435296 0.277080 0.923178 0.000000 0.869193 0.000000 0.130807 475.712764 
0.184424 4.422279 0.277694 0.922976 0.000000 0.868857 0.000000 0.131143 474.096452 
0.184867 4.409292 0.278310 0.922772 0.000000 0.868520 0.000000 0.131480 472.485927 
0.185311 4.396337 0.278926 0.922569 0.000000 0.868182 0.000000 0.131818 470.881166 
0.185756 4.383413 0.279544 0.922364 0.000000 0.867843 0.000000 0.132157 469.282151 
0.186202 4.370519 0.280163 0.922159 0.000000 0.867503 0.000000 0.132497 467.688859 
0.186649 4.357657 0.280783 0.921953 0.000000 0.867162 0.000000 0.132838 466.101272 
0.187097 4.344825 0.281404 0.921747 0.000000 0.866820 0.000000 0.133180 464.519369 
0.187546 4.332024 0.282027 0.921540 0.000000 0.866477 0.000000 0.133523 462.943128 
0.187996 4.319254 0.282651 0.921332 0.000000 0.866133 0.000000 0.133867 461.372532 
0.188448 4.306514 0.283276 0.921124 0.000000 0.865788 0.000000 0.134212 459.807559 
0.188900 4.293805 0.283902 0.920915 0.000000 0.865443 0.000000 0.134557 458.248189 
0.189354 4.281126 0.284529 0.920706 0.000000 0.865096 0.000000 0.134904 456.694403 
0.189808 4.268478 0.285158 0.920496 0.000000 0.864748 0.000000 0.135252 455.146180 
0.190264 4.255859 0.285788 0.920285 0.000000 0.864399 0.000000 0.135601 453.603502 
0.190721 4.243271 0.286420 0.920074 0.000000 0.864050 0.000000 0.135950 452.066347 
0.191178 4.230714 0.287052 0.919862 0.000000 0.863699 0.000000 0.136301 450.534698 
0.191637 4.218186 0.287686 0.919649 0.000000 0.863347 0.000000 0.136653 449.008533 
0.192098 4.205688 0.288321 0.919436 0.000000 0.862995 0.000000 0.137005 447.487835 
0.192559 4.193221 0.288957 0.919222 0.000000 0.862641 0.000000 0.137359 445.972582 
0.193021 4.180783 0.289595 0.919008 0.000000 0.862286 0.000000 0.137714 444.462757 
0.193484 4.168375 0.290234 0.918793 0.000000 0.861931 0.000000 0.138069 442.958339 
0.193949 4.155996 0.290874 0.918577 0.000000 0.861574 0.000000 0.138426 441.459310 
0.194415 4.143648 0.291515 0.918360 0.000000 0.861216 0.000000 0.138784 439.965650 
0.194881 4.131328 0.292158 0.918143 0.000000 0.860857 0.000000 0.139143 438.477341 
0.195349 4.119039 0.292801 0.917926 0.000000 0.860498 0.000000 0.139502 436.994363 
0.195818 4.106779 0.293447 0.917707 0.000000 0.860137 0.000000 0.139863 435.516698 
0.196288 4.094548 0.294093 0.917488 0.000000 0.859775 0.000000 0.140225 434.044326 
0.196760 4.082346 0.294741 0.917268 0.000000 0.859412 0.000000 0.140588 432.577229 
0.197232 4.070174 0.295390 0.917048 0.000000 0.859048 0.000000 0.140952 431.115388 
0.197705 4.058031 0.296040 0.916827 0.000000 0.858683 0.000000 0.141317 429.658784 
0.198180 4.045917 0.296691 0.916605 0.000000 0.858317 0.000000 0.141683 428.207400 
0.198656 4.033831 0.297344 0.916383 0.000000 0.857950 0.000000 0.142050 426.761216 
0.199133 4.021775 0.297998 0.916160 0.000000 0.857582 0.000000 0.142418 425.320214 
0.199611 4.009748 0.298653 0.915936 0.000000 0.857213 0.000000 0.142787 423.884375 
0.200090 3.997750 0.299310 0.915712 0.000000 0.856843 0.000000 0.143157 422.453682 
0.200570 3.985780 0.299968 0.915487 0.000000 0.856472 0.000000 0.143528 421.028116 
0.201052 3.973839 0.300627 0.915261 0.000000 0.856100 0.000000 0.143900 419.607659 
0.201535 3.961926 0.301287 0.915035 0.000000 0.855727 0.000000 0.144273 418.192292 
0.202018 3.950042 0.301949 0.914808 0.000000 0.855352 0.000000 0.144648 416.781999 
0.202503 3.938187 0.302612 0.914580 0.000000 0.854977 0.000000 0.145023 415.376760 
0.202990 3.926360 0.303276 0.914351 0.000000 0.854600 0.000000 0.145400 413.976558 
0.203477 3.914561 0.303942 0.914122 0.000000 0.854223 0.000000 0.145777 412.581375 
0.203965 3.902791 0.304609 0.913892 0.000000 0.853844 0.000000 0.146156 411.191193 
0.204455 3.891048 0.305277 0.913662 0.000000 0.853464 0.000000 0.146536 409.805994 
0.204946 3.879334 0.305946 0.913430 0.000000 0.853083 0.000000 0.146917 408.425762 
0.205438 3.867648 0.306617 0.913198 0.000000 0.852702 0.000000 0.147298 407.050477 
0.205931 3.855990 0.307289 0.912966 0.000000 0.852319 0.000000 0.147681 405.680123 
0.206426 3.844360 0.307963 0.912732 0.000000 0.851935 0.000000 0.148065 404.314683 
0.206921 3.832757 0.308637 0.912498 0.000000 0.851549 0.000000 0.148451 402.954138 
0.207418 3.821183 0.309313 0.912264 0.000000 0.851163 0.000000 0.148837 401.598472 
0.207916 3.809636 0.309990 0.912028 0.000000 0.850776 0.000000 0.149224 400.247667 
0.208415 3.798117 0.310669 0.911792 0.000000 0.850387 0.000000 0.149613 398.901706 
0.208915 3.786625 0.311349 0.911555 0.000000 0.849998 0.000000 0.150002 397.560572 
0.209417 3.775161 0.312030 0.911317 0.000000 0.849607 0.000000 0.150393 396.224248 
0.209920 3.763725 0.312713 0.911079 0.000000 0.849215 0.000000 0.150785 394.892716 
0.210424 3.752315 0.313397 0.910840 0.000000 0.848822 0.000000 0.151178 393.565960 
0.210929 3.740933 0.314082 0.910600 0.000000 0.848428 0.000000 0.151572 392.243963 
0.211435 3.729579 0.314768 0.910359 0.000000 0.848033 0.000000 0.151967 390.926707 
0.211943 3.718251 0.315456 0.910118 0.000000 0.847637 0.000000 0.152363 389.614177 
0.212452 3.706951 0.316145 0.909876 0.000000 0.847239 0.000000 0.152761 388.306356 
0.212962 3.695678 0.316835 0.909633 0.000000 0.846841 0.000000 0.153159 387.003226 
0.213473 3.684431 0.317527 0.909390 0.000000 0.846441 0.000000 0.153559 385.704771 
0.213986 3.673212 0.318220 0.909146 0.000000 0.846040 0.000000 0.153960 384.410975 
0.214499 3.662020 0.318915 0.908901 0.000000 0.845638 0.000000 0.154362 383.121822 
0.215014 3.650854 0.319610 0.908655 0.000000 0.845235 0.000000 0.154765 381.837294 
0.215530 3.639715 0.320307 0.908409 0.000000 0.844831 0.000000 0.155169 380.557375 
0.216048 3.628603 0.321006 0.908161 0.000000 0.844425 0.000000 0.155575 379.282049 
0.216567 3.617517 0.321705 0.907913 0.000000 0.844019 0.000000 0.155981 378.011300 
0.217087 3.606458 0.322407 0.907665 0.000000 0.843611 0.000000 0.156389 376.745112 
0.217608 3.595426 0.323109 0.907415 0.000000 0.843202 0.000000 0.156798 375.483468 
0.218130 3.584420 0.323813 0.907165 0.000000 0.842792 0.000000 0.157208 374.226353 
0.218654 3.573440 0.324518 0.906914 0.000000 0.842381 0.000000 0.157619 372.973750 
0.219179 3.562486 0.325224 0.906662 0.000000 0.841968 0.000000 0.158032 371.725644 
0.219705 3.551559 0.325932 0.906410 0.000000 0.841555 0.000000 0.158445 370.482017 
0.220232 3.540658 0.326641 0.906156 0.000000 0.841140 0.000000 0.158860 369.242856 
0.220761 3.529783 0.327351 0.905902 0.000000 0.840724 0.000000 0.159276 368.008144 
0.221291 3.518934 0.328063 0.905647 0.000000 0.840307 0.000000 0.159693 366.777864 
0.221822 3.508111 0.328776 0.905392 0.000000 0.839888 0.000000 0.160112 365.552003 
0.222355 3.497314 0.329491 0.905135 0.000000 0.839469 0.000000 0.160531 364.330543 
0.222889 3.486543 0.330206 0.904878 0.000000 0.839048 0.000000 0.160952 363.113469 
0.223424 3.475797 0.330924 0.904620 0.000000 0.838626 0.000000 0.161374 361.900766 
0.223960 3.465078 0.331642 0.904361 0.000000 0.838203 0.000000 0.161797 360.692419 
0.224498 3.454384 0.332362 0.904102 0.000000 0.837779 0.000000 0.162221 359.488411 
0.225037 3.443716 0.333083 0.903842 0.000000 0.837353 0.000000 0.162647 358.288728 
0.225577 3.433073 0.333806 0.903580 0.000000 0.836926 0.000000 0.163074 357.093355 
0.226119 3.422455 0.334530 0.903318 0.000000 0.836498 0.000000 0.163502 355.902276 
0.226662 3.411864 0.335255 0.903056 0.000000 0.836069 0.000000 0.163931 354.715475 
0.227206 3.401297 0.335982 0.902792 0.000000 0.835638 0.000000 0.164362 353.532939 
0.227751 3.390756 0.336710 0.902528 0.000000 0.835207 0.000000 0.164793 352.354651 
0.228298 3.380240 0.337439 0.902262 0.000000 0.834774 0.000000 0.165226 351.180597 
0.228846 3.369749 0.338170 0.901996 0.000000 0.834339 0.000000 0.165661 350.010762 
0.229395 3.359283 0.338902 0.901730 0.000000 0.833904 0.000000 0.166096 348.845130 
0.229946 3.348843 0.339635 0.901462 0.000000 0.833467 0.000000 0.166533 347.683688 
0.230498 3.338427 0.340370 0.901194 0.000000 0.833029 0.000000 0.166971 346.526420 
0.231052 3.328037 0.341106 0.900924 0.000000 0.832590 0.000000 0.167410 345.373312 
0.231606 3.317671 0.341844 0.900654 0.000000 0.832150 0.000000 0.167850 344.224348 
0.232162 3.307330 0.342583 0.900383 0.000000 0.831708 0.000000 0.168292 343.079515 
0.232720 3.297014 0.343323 0.900111 0.000000 0.831265 0.000000 0.168735 341.938797 
0.233278 3.286722 0.344065 0.899839 0.000000 0.830821 0.000000 0.169179 340.802181 
0.233839 3.276456 0.344808 0.899565 0.000000 0.830375 0.000000 0.169625 339.669651 
0.234400 3.266213 0.345553 0.899291 0.000000 0.829929 0.000000 0.170071 338.541193 
0.234963 3.255996 0.346298 0.899016 0.000000 0.829481 0.000000 0.170519 337.416794 
0.235527 3.245803 0.347046 0.898740 0.000000 0.829031 0.000000 0.170969 336.296437 
0.236092 3.235634 0.347794 0.898463 0.000000 0.828581 0.000000 0.171419 335.180110 
0.236659 3.225489 0.348544 0.898185 0.000000 0.828129 0.000000 0.171871 334.067798 
0.237227 3.215369 0.349296 0.897907 0.000000 0.827676 0.000000 0.172324 332.959487 
0.237797 3.205273 0.350048 0.897627 0.000000 0.827221 0.000000 0.172779 331.855163 
0.238368 3.195202 0.350803 0.897347 0.000000 0.826765 0.000000 0.173235 330.754812 
0.238940 3.185154 0.351558 0.897066 0.000000 0.826308 0.000000 0.173692 329.658419 
0.239513 3.175130 0.352315 0.896784 0.000000 0.825850 0.000000 0.174150 328.565971 
0.240088 3.165131 0.353073 0.896501 0.000000 0.825390 0.000000 0.174610 327.477454 
0.240665 3.155155 0.353833 0.896217 0.000000 0.824929 0.000000 0.175071 326.392854 
0.241243 3.145204 0.354594 0.895933 0.000000 0.824467 0.000000 0.175533 325.312157 
0.241822 3.135276 0.355357 0.895647 0.000000 0.824003 0.000000 0.175997 324.235349 
0.242402 3.125372 0.356120 0.895361 0.000000 0.823538 0.000000 0.176462 323.162417 
0.242984 3.115491 0.356886 0.895074 0.000000 0.823072 0.000000 0.176928 322.093347 
0.243568 3.105635 0.357652 0.894786 0.000000 0.822604 0.000000 0.177396 321.028126 
0.244152 3.095801 0.358420 0.894496 0.000000 0.822135 0.000000 0.177865 319.966740 
0.244739 3.085992 0.359190 0.894207 0.000000 0.821665 0.000000 0.178335 318.909175 
0.245326 3.076206 0.359961 0.893916 0.000000 0.821193 0.000000 0.178807 317.855418 
0.245915 3.066443 0.360733 0.893624 0.000000 0.820720 0.000000 0.179280 316.805455 
0.246506 3.056704 0.361507 0.893331 0.000000 0.820245 0.000000 0.179755 315.759273 
0.247097 3.046988 0.362282 0.893038 0.000000 0.819770 0.000000 0.180230 314.716860 
0.247691 3.037296 0.363058 0.892743 0.000000 0.819293 0.000000 0.180707 313.678201 
0.248285 3.027626 0.363836 0.892448 0.000000 0.818814 0.000000 0.181186 312.643283 
0.248881 3.017980 0.364616 0.892152 0.000000 0.818334 0.000000 0.181666 311.612093 
0.249479 3.008357 0.365396 0.891855 0.000000 0.817853 0.000000 0.182147 310.584619 
0.250078 2.998757 0.366178 0.891556 0.000000 0.817370 0.000000 0.182630 309.560846 
0.250678 2.989180 0.366962 0.891257 0.000000 0.816887 0.000000 0.183113 308.540763 
0.251280 2.979625 0.367747 0.890957 0.000000 0.816401 0.000000 0.183599 307.524355 
0.251883 2.970094 0.368533 0.890657 0.000000 0.815914 0.000000 0.184086 306.511610 
0.252488 2.960586 0.369321 0.890355 0.000000 0.815426 0.000000 0.184574 305.502516 
0.253094 2.951100 0.370110 0.890052 0.000000 0.814937 0.000000 0.185063 304.497058 
0.253702 2.941637 0.370901 0.889748 0.000000 0.814446 0.000000 0.185554 303.495225 
0.254311 2.932197 0.371693 0.889444 0.000000 0.813954 0.000000 0.186046 302.497004 
0.254921 2.922779 0.372486 0.889138 0.000000 0.813460 0.000000 0.186540 301.502382 
0.255533 2.913384 0.373281 0.888832 0.000000 0.812965 0.000000 0.187035 300.511347 
0.256147 2.904011 0.374078 0.888524 0.000000 0.812468 0.000000 0.187532 299.523885 
0.256762 2.894661 0.374875 0.888216 0.000000 0.811970 0.000000 0.188030 298.539984 
0.257378 2.885333 0.375674 0.887906 0.000000 0.811471 0.000000 0.188529 297.559632 
0.257996 2.876028 0.376475 0.887596 0.000000 0.810970 0.000000 0.189030 296.582817 
0.258615 2.866744 0.377277 0.887285 0.000000 0.810468 0.000000 0.189532 295.609525 
0.259236 2.857484 0.378080 0.886972 0.000000 0.809964 0.000000 0.190036 294.639744 
0.259859 2.848245 0.378885 0.886659 0.000000 0.809459 0.000000 0.190541 293.673463 
0.260483 2.839028 0.379692 0.886345 0.000000 0.808952 0.000000 0.191048 292.710668 
0.261108 2.829834 0.380499 0.886030 0.000000 0.808444 0.000000 0.191556 291.751348 
0.261735 2.820661 0.381308 0.885713 0.000000 0.807935 0.000000 0.192065 290.795490 
0.262363 2.811510 0.382119 0.885396 0.000000 0.807424 0.000000 0.192576 289.843082 
0.262993 2.802382 0.382931 0.885078 0.000000 0.806911 0.000000 0.193089 288.894112 
0.263624 2.793275 0.383744 0.884759 0.000000 0.806398 0.000000 0.193602 287.948568 
0.264257 2.784190 0.384559 0.884439 0.000000 0.805882 0.000000 0.194118 287.006438 
0.264892 2.775127 0.385375 0.884118 0.000000 0.805366 0.000000 0.194634 286.067710 
0.265528 2.766085 0.386193 0.883795 0.000000 0.804847 0.000000 0.195153 285.132373 
0.266165 2.757065 0.387012 0.883472 0.000000 0.804328 0.000000 0.195672 284.200413 
0.266804 2.748067 0.387833 0.883148 0.000000 0.803806 0.000000 0.196194 283.271819 
0.267445 2.739091 0.388655 0.882823 0.000000 0.803284 0.000000 0.196716 282.346580 
0.268087 2.730135 0.389478 0.882497 0.000000 0.802760 0.000000 0.197240 281.424684 
0.268730 2.721202 0.390303 0.882170 0.000000 0.802234 0.000000 0.197766 280.506118 
0.269376 2.712289 0.391130 0.881841 0.000000 0.801707 0.000000 0.198293 279.590872 
0.270022 2.703398 0.391957 0.881512 0.000000 0.801178 0.000000 0.198822 278.678933 
0.270671 2.694528 0.392787 0.881182 0.000000 0.800648 0.000000 0.199352 277.770290 
0.271320 2.685680 0.393617 0.880851 0.000000 0.800116 0.000000 0.199884 276.864932 
0.271972 2.676853 0.394449 0.880518 0.000000 0.799583 0.000000 0.200417 275.962847 
0.272625 2.668047 0.395283 0.880185 0.000000 0.799048 0.000000 0.200952 275.064023 
0.273279 2.659261 0.396118 0.879851 0.000000 0.798512 0.000000 0.201488 274.168449 
0.273935 2.650497 0.396955 0.879515 0.000000 0.797974 0.000000 0.202026 273.276114 
0.274593 2.641754 0.397792 0.879179 0.000000 0.797435 0.000000 0.202565 272.387006 
0.275252 2.633032 0.398632 0.878841 0.000000 0.796894 0.000000 0.203106 271.501114 
0.275913 2.624331 0.399473 0.878502 0.000000 0.796352 0.000000 0.203648 270.618427 
0.276575 2.615651 0.400315 0.878163 0.000000 0.795808 0.000000 0.204192 269.738933 
0.277239 2.606991 0.401158 0.877822 0.000000 0.795262 0.000000 0.204738 268.862622 
0.277905 2.598352 0.402004 0.877480 0.000000 0.794715 0.000000 0.205285 267.989482 
0.278572 2.589734 0.402850 0.877138 0.000000 0.794167 0.000000 0.205833 267.119502 
0.279241 2.581137 0.403698 0.876794 0.000000 0.793617 0.000000 0.206383 266.252670 
0.279911 2.572560 0.404548 0.876449 0.000000 0.793065 0.000000 0.206935 265.388977 
0.280583 2.564004 0.405399 0.876103 0.000000 0.792512 0.000000 0.207488 264.528411 
0.281257 2.555468 0.406251 0.875755 0.000000 0.791957 0.000000 0.208043 263.670961 
0.281932 2.546952 0.407105 0.875407 0.000000 0.791401 0.000000 0.208599 262.816616 
0.282609 2.538457 0.407960 0.875058 0.000000 0.790843 0.000000 0.209157 261.965365 
0.283288 2.529983 0.408817 0.874707 0.000000 0.790283 0.000000 0.209717 261.117198 
0.283968 2.521528 0.409675 0.874356 0.000000 0.789722 0.000000 0.210278 260.272103 
0.284649 2.513094 0.410535 0.874003 0.000000 0.789159 0.000000 0.210841 259.430070 
0.285333 2.504680 0.411396 0.873650 0.000000 0.788595 0.000000 0.211405 258.591089 
0.286018 2.496286 0.412258 0.873295 0.000000 0.788029 0.000000 0.211971 257.755148 
0.286704 2.487913 0.413122 0.872939 0.000000 0.787462 0.000000 0.212538 256.922237 
0.287393 2.479559 0.413988 0.872582 0.000000 0.786893 0.000000 0.213107 256.092345 
0.288083 2.471225 0.414855 0.872224 0.000000 0.786322 0.000000 0.213678 255.265462 
0.288774 2.462912 0.415723 0.871864 0.000000 0.785750 0.000000 0.214250 254.441577 
0.289468 2.454618 0.416593 0.871504 0.000000 0.785176 0.000000 0.214824 253.620680 
0.290163 2.446344 0.417464 0.871143 0.000000 0.784600 0.000000 0.215400 252.802761 
0.290859 2.438090 0.418337 0.870780 0.000000 0.784023 0.000000 0.215977 251.987808 
0.291557 2.429856 0.419211 0.870416 0.000000 0.783444 0.000000 0.216556 251.175812 
0.292257 2.421641 0.420087 0.870051 0.000000 0.782864 0.000000 0.217136 250.366762 
0.292959 2.413446 0.420964 0.869685 0.000000 0.782281 0.000000 0.217719 249.560648 
0.293662 2.405271 0.421843 0.869318 0.000000 0.781698 0.000000 0.218302 248.757460 
0.294367 2.397115 0.422723 0.868950 0.000000 0.781112 0.000000 0.218888 247.957187 
0.295074 2.388979 0.423605 0.868580 0.000000 0.780525 0.000000 0.219475 247.159820 
0.295783 2.380862 0.424488 0.868209 0.000000 0.779937 0.000000 0.220063 246.365348 
0.296493 2.372765 0.425372 0.867837 0.000000 0.779346 0.000000 0.220654 245.573761 
0.297204 2.364687 0.426258 0.867464 0.000000 0.778754 0.000000 0.221246 244.785049 
0.297918 2.356629 0.427145 0.867090 0.000000 0.778161 0.000000 0.221839 243.999202 
0.298633 2.348590 0.428034 0.866715 0.000000 0.777565 0.000000 0.222435 243.216210 
0.299350 2.340570 0.428924 0.866338 0.000000 0.776968 0.000000 0.223032 242.436064 
0.300069 2.332569 0.429816 0.865961 0.000000 0.776369 0.000000 0.223631 241.658752 
0.300789 2.324587 0.430709 0.865582 0.000000 0.775769 0.000000 0.224231 240.884266 
0.301511 2.316625 0.431604 0.865202 0.000000 0.775167 0.000000 0.224833 240.112595 
0.302235 2.308681 0.432500 0.864821 0.000000 0.774563 0.000000 0.225437 239.343729 
0.302961 2.300757 0.433398 0.864438 0.000000 0.773958 0.000000 0.226042 238.577660 
0.303688 2.292852 0.434297 0.864054 0.000000 0.773351 0.000000 0.226649 237.814377 
0.304417 2.284965 0.435198 0.863670 0.000000 0.772742 0.000000 0.227258 237.053870 
0.305148 2.277098 0.436100 0.863284 0.000000 0.772131 0.000000 0.227869 236.296129 
0.305881 2.269249 0.437003 0.862896 0.000000 0.771519 0.000000 0.228481 235.541146 
0.306615 2.261419 0.437908 0.862508 0.000000 0.770905 0.000000 0.229095 234.788911 
0.307351 2.253608 0.438815 0.862118 0.000000 0.770289 0.000000 0.229711 234.039413 
0.308089 2.245815 0.439722 0.861727 0.000000 0.769672 0.000000 0.230328 233.292644 
0.308829 2.238042 0.440632 0.861335 0.000000 0.769052 0.000000 0.230948 232.548594 
0.309570 2.230286 0.441543 0.860942 0.000000 0.768431 0.000000 0.231569 231.807253 
0.310313 2.222550 0.442455 0.860547 0.000000 0.767809 0.000000 0.232191 231.068612 
0.311058 2.214832 0.443369 0.860151 0.000000 0.767184 0.000000 0.232816 230.332662 
0.311805 2.207132 0.444284 0.859754 0.000000 0.766558 0.000000 0.233442 229.599393 
0.312554 2.199451 0.445200 0.859356 0.000000 0.765930 0.000000 0.234070 228.868797 
0.313304 2.191788 0.446119 0.858956 0.000000 0.765301 0.000000 0.234699 228.140863 
0.314056 2.184144 0.447038 0.858555 0.000000 0.764669 0.000000 0.235331 227.415582 
0.314810 2.176518 0.447959 0.858153 0.000000 0.764036 0.000000 0.235964 226.692946 
0.315566 2.168910 0.448882 0.857750 0.000000 0.763401 0.000000 0.236599 225.972945 
0.316324 2.161320 0.449806 0.857345 0.000000 0.762765 0.000000 0.237235 225.255569 
0.317083 2.153749 0.450731 0.856939 0.000000 0.762126 0.000000 0.237874 224.540811 
0.317844 2.146195 0.451658 0.856532 0.000000 0.761486 0.000000 0.238514 223.828660 
0.318607 2.138660 0.452586 0.856124 0.000000 0.760844 0.000000 0.239156 223.119108 
0.319372 2.131143 0.453516 0.855714 0.000000 0.760200 0.000000 0.239800 222.412145 
0.320139 2.123644 0.454448 0.855303 0.000000 0.759554 0.000000 0.240446 221.707763 
0.320908 2.116163 0.455380 0.854891 0.000000 0.758907 0.000000 0.241093 221.005953 
0.321678 2.108699 0.456315 0.854477 0.000000 0.758258 0.000000 0.241742 220.306706 
0.322450 2.101254 0.457250 0.854063 0.000000 0.757607 0.000000 0.242393 219.610012 
0.323224 2.093826 0.458187 0.853646 0.000000 0.756954 0.000000 0.243046 218.915864 
0.324000 2.086417 0.459126 0.853229 0.000000 0.756299 0.000000 0.243701 218.224252 
0.324778 2.079025 0.460066 0.852810 0.000000 0.755643 0.000000 0.244357 217.535167 
0.325558 2.071650 0.461008 0.852390 0.000000 0.754985 0.000000 0.245015 216.848601 
0.326339 2.064294 0.461951 0.851969 0.000000 0.754325 0.000000 0.245675 216.164545 
0.327123 2.056955 0.462895 0.851546 0.000000 0.753663 0.000000 0.246337 215.482990 
0.327908 2.049633 0.463841 0.851122 0.000000 0.752999 0.000000 0.247001 214.803928 
0.328696 2.042329 0.464789 0.850697 0.000000 0.752334 0.000000 0.247666 214.127350 
0.329485 2.035043 0.465737 0.850270 0.000000 0.751666 0.000000 0.248334 213.453247 
0.330276 2.027774 0.466688 0.849842 0.000000 0.750997 0.000000 0.249003 212.781611 
0.331069 2.020522 0.467639 0.849412 0.000000 0.750326 0.000000 0.249674 212.112433 
0.331863 2.013288 0.468593 0.848982 0.000000 0.749653 0.000000 0.250347 211.445706 
0.332660 2.006071 0.469547 0.848550 0.000000 0.748978 0.000000 0.251022 210.781419 
0.333459 1.998871 0.470503 0.848116 0.000000 0.748302 0.000000 0.251698 210.119565 
0.334259 1.991689 0.471461 0.847681 0.000000 0.747623 0.000000 0.252377 209.460136 
0.335062 1.984524 0.472420 0.847245 0.000000 0.746943 0.000000 0.253057 208.803123 
0.335866 1.977376 0.473381 0.846808 0.000000 0.746261 0.000000 0.253739 208.148518 
0.336673 1.970245 0.474343 0.846369 0.000000 0.745576 0.000000 0.254424 207.496312 
0.337481 1.963131 0.475306 0.845929 0.000000 0.744890 0.000000 0.255110 206.846497 
0.338291 1.956034 0.476271 0.845487 0.000000 0.744203 0.000000 0.255797 206.199065 
0.339103 1.948955 0.477237 0.845044 0.000000 0.743513 0.000000 0.256487 205.554008 
0.339917 1.941892 0.478205 0.844600 0.000000 0.742821 0.000000 0.257179 204.911317 
0.340733 1.934846 0.479174 0.844154 0.000000 0.742128 0.000000 0.257872 204.270984 
0.341551 1.927817 0.480145 0.843707 0.000000 0.741432 0.000000 0.258568 203.633002 
0.342371 1.920805 0.481117 0.843258 0.000000 0.740735 0.000000 0.259265 202.997362 
0.343193 1.913809 0.482090 0.842808 0.000000 0.740036 0.000000 0.259964 202.364055 
0.344017 1.906831 0.483065 0.842357 0.000000 0.739335 0.000000 0.260665 201.733075 
0.344843 1.899869 0.484042 0.841904 0.000000 0.738632 0.000000 0.261368 201.104412 
0.345671 1.892924 0.485020 0.841450 0.000000 0.737927 0.000000 0.262073 200.478060 
0.346501 1.885995 0.485999 0.840994 0.000000 0.737220 0.000000 0.262780 199.854009 
0.347333 1.879083 0.486980 0.840537 0.000000 0.736511 0.000000 0.263489 199.232253 
0.348167 1.872187 0.487962 0.840079 0.000000 0.735800 0.000000 0.264200 198.612783 
0.349003 1.865309 0.488946 0.839619 0.000000 0.735088 0.000000 0.264912 197.995590 
0.349840 1.858446 0.489931 0.839157 0.000000 0.734373 0.000000 0.265627 197.380669 
0.350680 1.851600 0.490918 0.838695 0.000000 0.733657 0.000000 0.266343 196.768010 
0.351522 1.844770 0.491906 0.838230 0.000000 0.732938 0.000000 0.267062 196.157606 
0.352366 1.837957 0.492895 0.837765 0.000000 0.732218 0.000000 0.267782 195.549449 
0.353212 1.831160 0.493886 0.837298 0.000000 0.731496 0.000000 0.268504 194.943531 
0.354060 1.824379 0.494878 0.836829 0.000000 0.730771 0.000000 0.269229 194.339845 
0.354910 1.817615 0.495872 0.836359 0.000000 0.730045 0.000000 0.269955 193.738383 
0.355762 1.810867 0.496867 0.835888 0.000000 0.729317 0.000000 0.270683 193.139137 
0.356616 1.804135 0.497864 0.835415 0.000000 0.728587 0.000000 0.271413 192.542100 
0.357472 1.797419 0.498862 0.834940 0.000000 0.727855 0.000000 0.272145 191.947265 
0.358331 1.790719 0.499861 0.834464 0.000000 0.727120 0.000000 0.272880 191.354622 
0.359191 1.784035 0.500862 0.833987 0.000000 0.726384 0.000000 0.273616 190.764166 
0.360053 1.777367 0.501865 0.833508 0.000000 0.725646 0.000000 0.274354 190.175889 
0.360918 1.770715 0.502868 0.833027 0.000000 0.724906 0.000000 0.275094 189.589783 
0.361784 1.764079 0.503874 0.832546 0.000000 0.724164 0.000000 0.275836 189.005840 
0.362653 1.757459 0.504880 0.832062 0.000000 0.723420 0.000000 0.276580 188.424053 
0.363523 1.750855 0.505888 0.831577 0.000000 0.722674 0.000000 0.277326 187.844416 
0.364396 1.744267 0.506898 0.831091 0.000000 0.721926 0.000000 0.278074 187.266920 
0.365271 1.737694 0.507909 0.830603 0.000000 0.721176 0.000000 0.278824 186.691558 
0.366148 1.731137 0.508921 0.830114 0.000000 0.720424 0.000000 0.279576 186.118322 
0.367027 1.724596 0.509935 0.829623 0.000000 0.719670 0.000000 0.280330 185.547207 
0.367908 1.718071 0.510950 0.829130 0.000000 0.718914 0.000000 0.281086 184.978204 
0.368791 1.711561 0.511966 0.828636 0.000000 0.718156 0.000000 0.281844 184.411305 
0.369677 1.705067 0.512984 0.828141 0.000000 0.717396 0.000000 0.282604 183.846505 
0.370564 1.698588 0.514004 0.827644 0.000000 0.716634 0.000000 0.283366 183.283795 
0.371454 1.692125 0.515024 0.827145 0.000000 0.715870 0.000000 0.284130 182.723169 
0.372346 1.685677 0.516047 0.826645 0.000000 0.715104 0.000000 0.284896 182.164620 
0.373240 1.679245 0.517070 0.826143 0.000000 0.714336 0.000000 0.285664 181.608139 
0.374136 1.672828 0.518095 0.825640 0.000000 0.713566 0.000000 0.286434 181.053721 
0.375034 1.666426 0.519122 0.825135 0.000000 0.712794 0.000000 0.287206 180.501359 
0.375934 1.660040 0.520150 0.824629 0.000000 0.712020 0.000000 0.287980 179.951044 
0.376837 1.653669 0.521179 0.824121 0.000000 0.711243 0.000000 0.288757 179.402771 
0.377741 1.647314 0.522209 0.823611 0.000000 0.710465 0.000000 0.289535 178.856532 
0.378648 1.640973 0.523241 0.823100 0.000000 0.709685 0.000000 0.290315 178.312320 
0.379557 1.634648 0.524275 0.822587 0.000000 0.708902 0.000000 0.291098 177.770128 
0.380469 1.628338 0.525310 0.822073 0.000000 0.708118 0.000000 0.291882 177.229951 
0.381382 1.622043 0.526346 0.821557 0.000000 0.707331 0.000000 0.292669 176.691779 
0.382298 1.615763 0.527384 0.821040 0.000000 0.706543 0.000000 0.293457 176.155608 
0.383215 1.609499 0.528423 0.820521 0.000000 0.705752 0.000000 0.294248 175.621430 
0.384135 1.603249 0.529463 0.820000 0.000000 0.704960 0.000000 0.295040 175.089238 
0.385058 1.597014 0.530505 0.819478 0.000000 0.704165 0.000000 0.295835 174.559025 
0.385982 1.590794 0.531548 0.818954 0.000000 0.703368 0.000000 0.296632 174.030785 
0.386909 1.584589 0.532592 0.818428 0.000000 0.702569 0.000000 0.297431 173.504511 
0.387838 1.578399 0.533638 0.817901 0.000000 0.701768 0.000000 0.298232 172.980196 
0.388769 1.572224 0.534686 0.817372 0.000000 0.700965 0.000000 0.299035 172.457835 
0.389702 1.566063 0.535734 0.816842 0.000000 0.700160 0.000000 0.299840 171.937419 
0.390638 1.559917 0.536784 0.816310 0.000000 0.699353 0.000000 0.300647 171.418942 
0.391575 1.553786 0.537836 0.815776 0.000000 0.698543 0.000000 0.301457 170.902399 
0.392516 1.547670 0.538888 0.815241 0.000000 0.697732 0.000000 0.302268 170.387781 
0.393458 1.541568 0.539943 0.814704 0.000000 0.696918 0.000000 0.303082 169.875084 
0.394402 1.535481 0.540998 0.814165 0.000000 0.696103 0.000000 0.303897 169.364299 
0.395349 1.529408 0.542055 0.813625 0.000000 0.695285 0.000000 0.304715 168.855422 
0.396298 1.523350 0.543113 0.813083 0.000000 0.694465 0.000000 0.305535 168.348444 
0.397250 1.517307 0.544173 0.812540 0.000000 0.693643 0.000000 0.306357 167.843361 
0.398204 1.511278 0.545234 0.811994 0.000000 0.692819 0.000000 0.307181 167.340165 
0.399160 1.505263 0.546296 0.811447 0.000000 0.691993 0.000000 0.308007 166.838850 
0.400118 1.499263 0.547360 0.810899 0.000000 0.691165 0.000000 0.308835 166.339409 
0.401079 1.493277 0.548425 0.810349 0.000000 0.690335 0.000000 0.309665 165.841837 
0.402041 1.487306 0.549491 0.809797 0.000000 0.689502 0.000000 0.310498 165.346127 
0.403007 1.481349 0.550559 0.809243 0.000000 0.688668 0.000000 0.311332 164.852273 
0.403974 1.475406 0.551628 0.808688 0.000000 0.687831 0.000000 0.312169 164.360268 
0.404944 1.469477 0.552698 0.808131 0.000000 0.686992 0.000000 0.313008 163.870106 
0.405916 1.463563 0.553770 0.807572 0.000000 0.686151 0.000000 0.313849 163.381781 
0.406891 1.457663 0.554843 0.807011 0.000000 0.685308 0.000000 0.314692 162.895287 
0.407868 1.451776 0.555917 0.806449 0.000000 0.684463 0.000000 0.315537 162.410617 
0.408847 1.445904 0.556993 0.805885 0.000000 0.683615 0.000000 0.316385 161.927766 
0.409828 1.440046 0.558070 0.805320 0.000000 0.682766 0.000000 0.317234 161.446727 
0.410812 1.434202 0.559148 0.804752 0.000000 0.681914 0.000000 0.318086 160.967494 
0.411798 1.428372 0.560228 0.804183 0.000000 0.681060 0.000000 0.318940 160.490062 
0.412787 1.422556 0.561309 0.803612 0.000000 0.680205 0.000000 0.319795 160.014423 
0.413778 1.416754 0.562391 0.803040 0.000000 0.679346 0.000000 0.320654 159.540572 
0.414771 1.410966 0.563475 0.802465 0.000000 0.678486 0.000000 0.321514 159.068503 
0.415767 1.405192 0.564559 0.801889 0.000000 0.677624 0.000000 0.322376 158.598211 
0.416765 1.399431 0.565646 0.801312 0.000000 0.676759 0.000000 0.323241 158.129688 
0.417766 1.393685 0.566733 0.800732 0.000000 0.675893 0.000000 0.324107 157.662929 
0.418769 1.387952 0.567822 0.800151 0.000000 0.675024 0.000000 0.324976 157.197928 
0.419774 1.382233 0.568912 0.799568 0.000000 0.674153 0.000000 0.325847 156.734679 
0.420782 1.376527 0.570004 0.798983 0.000000 0.673280 0.000000 0.326720 156.273177 
0.421792 1.370835 0.571096 0.798396 0.000000 0.672404 0.000000 0.327596 155.813415 
0.422805 1.365157 0.572190 0.797808 0.000000 0.671527 0.000000 0.328473 155.355388 
0.423820 1.359492 0.573285 0.797218 0.000000 0.670647 0.000000 0.329353 154.899089 
0.424837 1.353841 0.574382 0.796626 0.000000 0.669765 0.000000 0.330235 154.444514 
0.425857 1.348204 0.575480 0.796032 0.000000 0.668881 0.000000 0.331119 153.991655 
0.426880 1.342580 0.576579 0.795436 0.000000 0.667995 0.000000 0.332005 153.540508 
0.427905 1.336969 0.577679 0.794839 0.000000 0.667107 0.000000 0.332893 153.091067 
0.428932 1.331372 0.578781 0.794240 0.000000 0.666216 0.000000 0.333784 152.643326 
0.429962 1.325789 0.579884 0.793639 0.000000 0.665324 0.000000 0.334676 152.197279 
0.430994 1.320218 0.580988 0.793036 0.000000 0.664429 0.000000 0.335571 151.752920 
0.432029 1.314661 0.582094 0.792431 0.000000 0.663532 0.000000 0.336468 151.310245 
0.433066 1.309118 0.583200 0.791825 0.000000 0.662633 0.000000 0.337367 150.869247 
0.434106 1.303587 0.584308 0.791217 0.000000 0.661731 0.000000 0.338269 150.429920 
0.435148 1.298070 0.585417 0.790607 0.000000 0.660828 0.000000 0.339172 149.992260 
0.436192 1.292566 0.586528 0.789995 0.000000 0.659922 0.000000 0.340078 149.556261 
0.437240 1.287075 0.587640 0.789381 0.000000 0.659014 0.000000 0.340986 149.121916 
0.438289 1.281598 0.588753 0.788765 0.000000 0.658104 0.000000 0.341896 148.689221 
0.439342 1.276133 0.589867 0.788148 0.000000 0.657191 0.000000 0.342809 148.258171 
0.440396 1.270682 0.590982 0.787529 0.000000 0.656277 0.000000 0.343723 147.828758 
0.441454 1.265244 0.592099 0.786907 0.000000 0.655360 0.000000 0.344640 147.400979 
0.442513 1.259818 0.593217 0.786284 0.000000 0.654441 0.000000 0.345559 146.974828 
0.443576 1.254406 0.594336 0.785660 0.000000 0.653520 0.000000 0.346480 146.550298 
0.444641 1.249007 0.595456 0.785033 0.000000 0.652597 0.000000 0.347403 146.127386 
0.445708 1.243620 0.596577 0.784404 0.000000 0.651671 0.000000 0.348329 145.706085 
0.446778 1.238247 0.597700 0.783774 0.000000 0.650744 0.000000 0.349256 145.286390 
0.447851 1.232886 0.598824 0.783141 0.000000 0.649814 0.000000 0.350186 144.868296 
0.448926 1.227538 0.599949 0.782507 0.000000 0.648882 0.000000 0.351118 144.451798 
0.450004 1.222203 0.601076 0.781871 0.000000 0.647948 0.000000 0.352052 144.036889 
0.451084 1.216881 0.602203 0.781233 0.000000 0.647011 0.000000 0.352989 143.623566 
0.452167 1.211571 0.603332 0.780593 0.000000 0.646073 0.000000 0.353927 143.211822 
0.453253 1.206275 0.604462 0.779951 0.000000 0.645132 0.000000 0.354868 142.801653 
0.454341 1.200991 0.605593 0.779307 0.000000 0.644189 0.000000 0.355811 142.393053 
0.455432 1.195719 0.606725 0.778662 0.000000 0.643243 0.000000 0.356757 141.986017 
0.456525 1.190460 0.607858 0.778014 0.000000 0.642296 0.000000 0.357704 141.580539 
0.457621 1.185214 0.608993 0.777365 0.000000 0.641346 0.000000 0.358654 141.176616 
0.458720 1.179981 0.610129 0.776713 0.000000 0.640394 0.000000 0.359606 140.774241 
0.459821 1.174759 0.611266 0.776060 0.000000 0.639440 0.000000 0.360560 140.373409 
0.460925 1.169551 0.612404 0.775405 0.000000 0.638484 0.000000 0.361516 139.974116 
0.462031 1.164355 0.613543 0.774748 0.000000 0.637526 0.000000 0.362474 139.576356 
0.463141 1.159171 0.614683 0.774089 0.000000 0.636565 0.000000 0.363435 139.180124 
0.464253 1.154000 0.615825 0.773427 0.000000 0.635602 0.000000 0.364398 138.785415 
0.465367 1.148841 0.616968 0.772764 0.000000 0.634637 0.000000 0.365363 138.392225 
0.466484 1.143694 0.618112 0.772100 0.000000 0.633670 0.000000 0.366330 138.000547 
0.467604 1.138560 0.619256 0.771433 0.000000 0.632700 0.000000 0.367300 137.610378 
0.468727 1.133438 0.620403 0.770764 0.000000 0.631729 0.000000 0.368271 137.221712 
0.469852 1.128329 0.621550 0.770093 0.000000 0.630755 0.000000 0.369245 136.834544 
0.470980 1.123231 0.622698 0.769420 0.000000 0.629779 0.000000 0.370221 136.448869 
0.472111 1.118146 0.623847 0.768745 0.000000 0.628801 0.000000 0.371199 136.064683 
0.473244 1.113073 0.624998 0.768069 0.000000 0.627820 0.000000 0.372180 135.681981 
0.474381 1.108012 0.626150 0.767390 0.000000 0.626838 0.000000 0.373162 135.300757 
0.475519 1.102963 0.627302 0.766709 0.000000 0.625853 0.000000 0.374147 134.921007 
0.476661 1.097927 0.628456 0.766027 0.000000 0.624866 0.000000 0.375134 134.542726 
0.477805 1.092902 0.629611 0.765342 0.000000 0.623876 0.000000 0.376124 134.165909 
0.478953 1.087890 0.630767 0.764655 0.000000 0.622885 0.000000 0.377115 133.790552 
0.480102 1.082889 0.631924 0.763967 0.000000 0.621891 0.000000 0.378109 133.416649 
0.481255 1.077901 0.633082 0.763276 0.000000 0.620896 0.000000 0.379104 133.044196 
0.482410 1.072924 0.634242 0.762584 0.000000 0.619898 0.000000 0.380102 132.673188 
0.483569 1.067959 0.635402 0.761889 0.000000 0.618897 0.000000 0.381103 132.303620 
0.484729 1.063006 0.636563 0.761192 0.000000 0.617895 0.000000 0.382105 131.935488 
0.485893 1.058066 0.637726 0.760494 0.000000 0.616890 0.000000 0.383110 131.568788 
0.487060 1.053136 0.638889 0.759793 0.000000 0.615884 0.000000 0.384116 131.203513 
0.488229 1.048219 0.640054 0.759090 0.000000 0.614875 0.000000 0.385125 130.839660 
0.489401 1.043314 0.641219 0.758386 0.000000 0.613863 0.000000 0.386137 130.477225 
0.490576 1.038420 0.642386 0.757679 0.000000 0.612850 0.000000 0.387150 130.116201 
0.491754 1.033538 0.643554 0.756970 0.000000 0.611835 0.000000 0.388165 129.756586 
0.492934 1.028667 0.644722 0.756259 0.000000 0.610817 0.000000 0.389183 129.398374 
0.494118 1.023809 0.645892 0.755546 0.000000 0.609797 0.000000 0.390203 129.041560 
0.495304 1.018962 0.647063 0.754832 0.000000 0.608775 0.000000 0.391225 128.686141 
0.496493 1.014126 0.648234 0.754115 0.000000 0.607751 0.000000 0.392249 128.332112 
0.497685 1.009302 0.649407 0.753396 0.000000 0.606724 0.000000 0.393276 127.979467 
0.498880 1.004490 0.650581 0.752675 0.000000 0.605696 0.000000 0.394304 127.628203 
0.500078 0.999689 0.651755 0.751952 0.000000 0.604665 0.000000 0.395335 127.278316 
0.501278 0.994900 0.652931 0.751226 0.000000 0.603632 0.000000 0.396368 126.929800 
0.502482 0.990122 0.654108 0.750499 0.000000 0.602597 0.000000 0.397403 126.582651 
0.503688 0.985356 0.655285 0.749770 0.000000 0.601560 0.000000 0.398440 126.236866 
0.504897 0.980601 0.656464 0.749039 0.000000 0.600520 0.000000 0.399480 125.892438 
0.506109 0.975857 0.657643 0.748305 0.000000 0.599479 0.000000 0.400521 125.549365 
0.507325 0.971125 0.658824 0.747570 0.000000 0.598435 0.000000 0.401565 125.207642 
0.508543 0.966404 0.660005 0.746832 0.000000 0.597389 0.000000 0.402611 124.867264 
0.509763 0.961694 0.661188 0.746093 0.000000 0.596341 0.000000 0.403659 124.528227 
0.510987 0.956996 0.662371 0.745351 0.000000 0.595291 0.000000 0.404709 124.190527 
0.512214 0.952309 0.663556 0.744607 0.000000 0.594238 0.000000 0.405762 123.854159 
0.513444 0.947633 0.664741 0.743861 0.000000 0.593184 0.000000 0.406816 123.519119 
0.514676 0.942969 0.665927 0.743113 0.000000 0.592127 0.000000 0.407873 123.185403 
0.515912 0.938315 0.667114 0.742363 0.000000 0.591068 0.000000 0.408932 122.853007 
0.517151 0.933673 0.668302 0.741611 0.000000 0.590007 0.000000 0.409993 122.521926 
0.518392 0.929042 0.669491 0.740857 0.000000 0.588944 0.000000 0.411056 122.192157 
0.519637 0.924422 0.670681 0.740100 0.000000 0.587879 0.000000 0.412121 121.863694 
0.520884 0.919812 0.671871 0.739342 0.000000 0.586812 0.000000 0.413188 121.536534 
0.522135 0.915214 0.673063 0.738581 0.000000 0.585742 0.000000 0.414258 121.210673 
0.523388 0.910628 0.674255 0.737818 0.000000 0.584671 0.000000 0.415329 120.886106 
0.524645 0.906052 0.675449 0.737054 0.000000 0.583597 0.000000 0.416403 120.562829 
0.525904 0.901486 0.676643 0.736287 0.000000 0.582521 0.000000 0.417479 120.240839 
0.527167 0.896932 0.677838 0.735517 0.000000 0.581443 0.000000 0.418557 119.920131 
0.528433 0.892389 0.679034 0.734746 0.000000 0.580363 0.000000 0.419637 119.600701 
0.529701 0.887857 0.680231 0.733973 0.000000 0.579281 0.000000 0.420719 119.282545 
0.530973 0.883335 0.681428 0.733197 0.000000 0.578197 0.000000 0.421803 118.965658 
0.532248 0.878825 0.682627 0.732420 0.000000 0.577111 0.000000 0.422889 118.650038 
0.533525 0.874325 0.683826 0.731640 0.000000 0.576022 0.000000 0.423978 118.335679 
0.534806 0.869836 0.685026 0.730858 0.000000 0.574932 0.000000 0.425068 118.022578 
0.536090 0.865358 0.686227 0.730074 0.000000 0.573839 0.000000 0.426161 117.710731 
0.537377 0.860890 0.687429 0.729288 0.000000 0.572745 0.000000 0.427255 117.400134 
0.538667 0.856433 0.688631 0.728500 0.000000 0.571648 0.000000 0.428352 117.090783 
0.539961 0.851987 0.689835 0.727709 0.000000 0.570549 0.000000 0.429451 116.782674 
0.541257 0.847551 0.691039 0.726917 0.000000 0.569448 0.000000 0.430552 116.475803 
0.542556 0.843126 0.692244 0.726122 0.000000 0.568345 0.000000 0.431655 116.170166 
0.543859 0.838712 0.693450 0.725325 0.000000 0.567240 0.000000 0.432760 115.865759 
0.545165 0.834308 0.694656 0.724526 0.000000 0.566133 0.000000 0.433867 115.562578 
0.546473 0.829915 0.695863 0.723725 0.000000 0.565024 0.000000 0.434976 115.260620 
0.547785 0.825532 0.697071 0.722921 0.000000 0.563913 0.000000 0.436087 114.959880 
0.549100 0.821160 0.698280 0.722116 0.000000 0.562800 0.000000 0.437200 114.660356 
0.550419 0.816799 0.699489 0.721308 0.000000 0.561685 0.000000 0.438315 114.362042 
0.551740 0.812447 0.700700 0.720498 0.000000 0.560568 0.000000 0.439432 114.064936 
0.553065 0.808106 0.701911 0.719686 0.000000 0.559448 0.000000 0.440552 113.769032 
0.554393 0.803776 0.703122 0.718872 0.000000 0.558327 0.000000 0.441673 113.474329 
0.555724 0.799456 0.704335 0.718055 0.000000 0.557204 0.000000 0.442796 113.180821 
0.557058 0.795146 0.705548 0.717237 0.000000 0.556078 0.000000 0.443922 112.888505 
0.558395 0.790847 0.706762 0.716416 0.000000 0.554951 0.000000 0.445049 112.597378 
0.559736 0.786558 0.707976 0.715593 0.000000 0.553822 0.000000 0.446178 112.307435 
0.561079 0.782279 0.709191 0.714768 0.000000 0.552691 0.000000 0.447309 112.018674 
0.562426 0.778010 0.710407 0.713941 0.000000 0.551557 0.000000 0.448443 111.731089 
0.563777 0.773752 0.711624 0.713111 0.000000 0.550422 0.000000 0.449578 111.444678 
0.565130 0.769504 0.712841 0.712279 0.000000 0.549285 0.000000 0.450715 111.159437 
0.566487 0.765266 0.714059 0.711445 0.000000 0.548146 0.000000 0.451854 110.875363 
0.567847 0.761038 0.715277 0.710609 0.000000 0.547005 0.000000 0.452995 110.592451 
0.569210 0.756820 0.716496 0.709771 0.000000 0.545862 0.000000 0.454138 110.310698 
0.570577 0.752612 0.717716 0.708931 0.000000 0.544717 0.000000 0.455283 110.030100 
0.571947 0.748415 0.718936 0.708088 0.000000 0.543570 0.000000 0.456430 109.750655 
0.573320 0.744227 0.720157 0.707243 0.000000 0.542421 0.000000 0.457579 109.472358 
0.574696 0.740050 0.721379 0.706396 0.000000 0.541270 0.000000 0.458730 109.195205 
0.576076 0.735882 0.722601 0.705547 0.000000 0.540117 0.000000 0.459883 108.919194 
0.577459 0.731725 0.723824 0.704695 0.000000 0.538963 0.000000 0.461037 108.644320 
0.578845 0.727577 0.725047 0.703842 0.000000 0.537806 0.000000 0.462194 108.370581 
0.580235 0.723440 0.726271 0.702986 0.000000 0.536648 0.000000 0.463352 108.097972 
0.581628 0.719312 0.727496 0.702128 0.000000 0.535488 0.000000 0.464512 107.826490 
0.583024 0.715194 0.728721 0.701267 0.000000 0.534325 0.000000 0.465675 107.556133 
0.584424 0.711086 0.729947 0.700405 0.000000 0.533161 0.000000 0.466839 107.286895 
0.585827 0.706988 0.731173 0.699540 0.000000 0.531995 0.000000 0.468005 107.018774 
0.587234 0.702900 0.732400 0.698673 0.000000 0.530828 0.000000 0.469172 106.751767 
0.588643 0.698822 0.733627 0.697804 0.000000 0.529658 0.000000 0.470342 106.485870 
0.590057 0.694753 0.734855 0.696933 0.000000 0.528486 0.000000 0.471514 106.221079 
0.591473 0.690694 0.736083 0.696059 0.000000 0.527313 0.000000 0.472687 105.957392 
0.592893 0.686645 0.737312 0.695183 0.000000 0.526138 0.000000 0.473862 105.694804 
0.594316 0.682605 0.738541 0.694305 0.000000 0.524961 0.000000 0.475039 105.433313 
0.595743 0.678575 0.739771 0.693425 0.000000 0.523782 0.000000 0.476218 105.172915 
0.597174 0.674555 0.741001 0.692543 0.000000 0.522602 0.000000 0.477398 104.913607 
0.598607 0.670544 0.742232 0.691658 0.000000 0.521419 0.000000 0.478581 104.655386 
0.600044 0.666543 0.743463 0.690771 0.000000 0.520235 0.000000 0.479765 104.398247 
0.601485 0.662552 0.744695 0.689882 0.000000 0.519049 0.000000 0.480951 104.142189 
0.602929 0.658570 0.745927 0.688991 0.000000 0.517861 0.000000 0.482139 103.887207 
0.604376 0.654598 0.747160 0.688097 0.000000 0.516672 0.000000 0.483328 103.633299 
0.605827 0.650635 0.748393 0.687202 0.000000 0.515481 0.000000 0.484519 103.380460 
0.607282 0.646682 0.749626 0.686304 0.000000 0.514288 0.000000 0.485712 103.128689 
0.608740 0.642738 0.750860 0.685404 0.000000 0.513093 0.000000 0.486907 102.877981 
0.610201 0.638804 0.752094 0.684501 0.000000 0.511897 0.000000 0.488103 102.628334 
0.611666 0.634879 0.753329 0.683597 0.000000 0.510698 0.000000 0.489302 102.379744 
0.613135 0.630963 0.754564 0.682690 0.000000 0.509499 0.000000 0.490501 102.132209 
0.614607 0.627057 0.755800 0.681781 0.000000 0.508297 0.000000 0.491703 101.885724 
0.616082 0.623160 0.757035 0.680870 0.000000 0.507094 0.000000 0.492906 101.640287 
0.617561 0.619272 0.758271 0.679956 0.000000 0.505889 0.000000 0.494111 101.395894 
0.619044 0.615394 0.759508 0.679040 0.000000 0.504682 0.000000 0.495318 101.152543 
0.620530 0.611525 0.760745 0.678123 0.000000 0.503474 0.000000 0.496526 100.910231 
0.622020 0.607666 0.761982 0.677202 0.000000 0.502264 0.000000 0.497736 100.668954 
0.623513 0.603815 0.763220 0.676280 0.000000 0.501053 0.000000 0.498947 100.428709 
0.625010 0.599974 0.764457 0.675356 0.000000 0.499840 0.000000 0.500160 100.189493 
0.626511 0.596142 0.765696 0.674429 0.000000 0.498625 0.000000 0.501375 99.951303 
0.628015 0.592319 0.766934 0.673500 0.000000 0.497408 0.000000 0.502592 99.714136 
0.629522 0.588506 0.768173 0.672569 0.000000 0.496191 0.000000 0.503809 99.477990 
0.631034 0.584701 0.769412 0.671635 0.000000 0.494971 0.000000 0.505029 99.242860 
0.632549 0.580906 0.770651 0.670699 0.000000 0.493750 0.000000 0.506250 99.008744 
0.634067 0.577120 0.771891 0.669762 0.000000 0.492527 0.000000 0.507473 98.775639 
0.635590 0.573342 0.773130 0.668822 0.000000 0.491303 0.000000 0.508697 98.543543 
0.637116 0.569574 0.774370 0.667879 0.000000 0.490077 0.000000 0.509923 98.312451 
0.638645 0.565815 0.775611 0.666935 0.000000 0.488850 0.000000 0.511150 98.082361 
0.640178 0.562065 0.776851 0.665988 0.000000 0.487621 0.000000 0.512379 97.853270 
0.641715 0.558324 0.778092 0.665039 0.000000 0.486391 0.000000 0.513609 97.625176 
0.643256 0.554591 0.779333 0.664088 0.000000 0.485159 0.000000 0.514841 97.398074 
0.644800 0.550868 0.780574 0.663135 0.000000 0.483926 0.000000 0.516074 97.171963 
0.646348 0.547154 0.781815 0.662179 0.000000 0.482691 0.000000 0.517309 96.946840 
0.647900 0.543448 0.783057 0.661221 0.000000 0.481455 0.000000 0.518545 96.722701 
0.649455 0.539752 0.784298 0.660261 0.000000 0.480217 0.000000 0.519783 96.499544 
0.651015 0.536064 0.785540 0.659299 0.000000 0.478978 0.000000 0.521022 96.277365 
0.652578 0.532385 0.786782 0.658335 0.000000 0.477737 0.000000 0.522263 96.056163 
0.654144 0.528715 0.788024 0.657368 0.000000 0.476496 0.000000 0.523504 95.835933 
0.655715 0.525054 0.789266 0.656400 0.000000 0.475252 0.000000 0.524748 95.616674 
0.657289 0.521401 0.790509 0.655429 0.000000 0.474008 0.000000 0.525992 95.398382 
0.658867 0.517757 0.791751 0.654456 0.000000 0.472761 0.000000 0.527239 95.181056 
0.660449 0.514122 0.792994 0.653480 0.000000 0.471514 0.000000 0.528486 94.964691 
0.662034 0.510496 0.794236 0.652503 0.000000 0.470265 0.000000 0.529735 94.749285 
0.663624 0.506878 0.795479 0.651523 0.000000 0.469015 0.000000 0.530985 94.534835 
0.665217 0.503269 0.796722 0.650541 0.000000 0.467764 0.000000 0.532236 94.321340 
0.666814 0.499669 0.797965 0.649557 0.000000 0.466511 0.000000 0.533489 94.108795 
0.668415 0.496077 0.799208 0.648571 0.000000 0.465257 0.000000 0.534743 93.897198 
0.670019 0.492494 0.800451 0.647582 0.000000 0.464001 0.000000 0.535999 93.686547 
0.671628 0.488919 0.801694 0.646592 0.000000 0.462745 0.000000 0.537255 93.476838 
0.673240 0.485353 0.802937 0.645599 0.000000 0.461487 0.000000 0.538513 93.268070 
0.674857 0.481796 0.804180 0.644604 0.000000 0.460228 0.000000 0.539772 93.060238 
0.676477 0.478247 0.805423 0.643607 0.000000 0.458968 0.000000 0.541032 92.853342 
0.678101 0.474707 0.806666 0.642608 0.000000 0.457706 0.000000 0.542294 92.647378 
0.679729 0.471175 0.807909 0.641606 0.000000 0.456443 0.000000 0.543557 92.442343 
0.681361 0.467651 0.809152 0.640603 0.000000 0.455179 0.000000 0.544821 92.238235 
0.682997 0.464136 0.810395 0.639597 0.000000 0.453914 0.000000 0.546086 92.035051 
0.684636 0.460629 0.811637 0.638589 0.000000 0.452648 0.000000 0.547352 91.832788 
0.686280 0.457131 0.812880 0.637579 0.000000 0.451381 0.000000 0.548619 91.631445 
0.687928 0.453641 0.814123 0.636567 0.000000 0.450112 0.000000 0.549888 91.431018 
0.689579 0.450160 0.815366 0.635552 0.000000 0.448843 0.000000 0.551157 91.231505 
0.691235 0.446687 0.816608 0.634536 0.000000 0.447572 0.000000 0.552428 91.032903 
0.692894 0.443222 0.817851 0.633517 0.000000 0.446300 0.000000 0.553700 90.835209 
0.694558 0.439765 0.819093 0.632497 0.000000 0.445027 0.000000 0.554973 90.638422 
0.696225 0.436317 0.820335 0.631474 0.000000 0.443753 0.000000 0.556247 90.442539 
0.697897 0.432877 0.821577 0.630449 0.000000 0.442478 0.000000 0.557522 90.247557 
0.699572 0.429445 0.822819 0.629421 0.000000 0.441202 0.000000 0.558798 90.053473 
0.701252 0.426022 0.824061 0.628392 0.000000 0.439925 0.000000 0.560075 89.860285 
0.702935 0.422606 0.825303 0.627361 0.000000 0.438647 0.000000 0.561353 89.667991 
0.704623 0.419199 0.826544 0.626327 0.000000 0.437368 0.000000 0.562632 89.476588 
0.706314 0.415800 0.827785 0.625292 0.000000 0.436088 0.000000 0.563912 89.286074 
0.708010 0.412409 0.829026 0.624254 0.000000 0.434807 0.000000 0.565193 89.096447 
0.709710 0.409026 0.830267 0.623214 0.000000 0.433526 0.000000 0.566474 88.907703 
0.711414 0.405652 0.831508 0.622172 0.000000 0.432243 0.000000 0.567757 88.719840 
0.713122 0.402285 0.832748 0.621128 0.000000 0.430959 0.000000 0.569041 88.532857 
0.714834 0.398927 0.833988 0.620082 0.000000 0.429675 0.000000 0.570325 88.346750 
0.716550 0.395576 0.835228 0.619034 0.000000 0.428389 0.000000 0.571611 88.161517 
0.718270 0.392234 0.836468 0.617984 0.000000 0.427103 0.000000 0.572897 87.977156 
0.719995 0.388899 0.837707 0.616931 0.000000 0.425816 0.000000 0.574184 87.793665 
0.721723 0.385573 0.838947 0.615877 0.000000 0.424528 0.000000 0.575472 87.611040 
0.723456 0.382255 0.840185 0.614820 0.000000 0.423240 0.000000 0.576760 87.429281 
0.725193 0.378944 0.841424 0.613762 0.000000 0.421950 0.000000 0.578050 87.248384 
0.726934 0.375641 0.842662 0.612701 0.000000 0.420660 0.000000 0.579340 87.068347 
0.728679 0.372347 0.843900 0.611639 0.000000 0.419369 0.000000 0.580631 86.889168 
0.730428 0.369060 0.845137 0.610574 0.000000 0.418077 0.000000 0.581923 86.710844 
0.732182 0.365781 0.846375 0.609507 0.000000 0.416785 0.000000 0.583215 86.533373 
0.733940 0.362510 0.847611 0.608438 0.000000 0.415492 0.000000 0.584508 86.356754 
0.735702 0.359247 0.848848 0.607368 0.000000 0.414198 0.000000 0.585802 86.180983 
0.737468 0.355991 0.850084 0.606295 0.000000 0.412904 0.000000 0.587096 86.006058 
0.739238 0.352744 0.851320 0.605220 0.000000 0.411608 0.000000 0.588392 85.831978 
0.741013 0.349504 0.852555 0.604143 0.000000 0.410313 0.000000 0.589687 85.658740 
0.742792 0.346272 0.853790 0.603064 0.000000 0.409016 0.000000 0.590984 85.486341 
0.744575 0.343047 0.855024 0.601983 0.000000 0.407719 0.000000 0.592281 85.314779 
0.746363 0.339831 0.856258 0.600901 0.000000 0.406422 0.000000 0.593578 85.144053 
0.748155 0.336622 0.857492 0.599816 0.000000 0.405124 0.000000 0.594876 84.974161 
0.749951 0.333420 0.858725 0.598729 0.000000 0.403825 0.000000 0.596175 84.805098 
0.751751 0.330227 0.859958 0.597640 0.000000 0.402526 0.000000 0.597474 84.636865 
0.753556 0.327041 0.861190 0.596549 0.000000 0.401227 0.000000 0.598773 84.469458 
0.755365 0.323863 0.862421 0.595457 0.000000 0.399926 0.000000 0.600074 84.302876 
0.757179 0.320692 0.863653 0.594362 0.000000 0.398626 0.000000 0.601374 84.137116 
0.758997 0.317529 0.864883 0.593265 0.000000 0.397325 0.000000 0.602675 83.972176 
0.760819 0.314373 0.866113 0.592167 0.000000 0.396023 0.000000 0.603977 83.808054 
0.762645 0.311225 0.867343 0.591066 0.000000 0.394722 0.000000 0.605278 83.644748 
0.764476 0.308085 0.868572 0.589964 0.000000 0.393419 0.000000 0.606581 83.482256 
0.766312 0.304952 0.869800 0.588859 0.000000 0.392117 0.000000 0.607883 83.320576 
0.768151 0.301827 0.871028 0.587753 0.000000 0.390814 0.000000 0.609186 83.159705 
0.769996 0.298709 0.872256 0.586645 0.000000 0.389510 0.000000 0.610490 82.999642 
0.771844 0.295598 0.873482 0.585535 0.000000 0.388207 0.000000 0.611793 82.840385 
0.773697 0.292495 0.874708 0.584423 0.000000 0.386903 0.000000 0.613097 82.681931 
0.775555 0.289400 0.875934 0.583309 0.000000 0.385599 0.000000 0.614401 82.524278 
0.777417 0.286312 0.877159 0.582193 0.000000 0.384294 0.000000 0.615706 82.367425 
0.779283 0.283231 0.878383 0.581075 0.000000 0.382989 0.000000 0.617011 82.211369 
0.781154 0.280158 0.879606 0.579956 0.000000 0.381685 0.000000 0.618315 82.056109 
0.783029 0.277092 0.880829 0.578834 0.000000 0.380379 0.000000 0.619621 81.901642 
0.784909 0.274033 0.882052 0.577711 0.000000 0.379074 0.000000 0.620926 81.747967 
0.786793 0.270982 0.883273 0.576586 0.000000 0.377769 0.000000 0.622231 81.595081 
0.788682 0.267938 0.884494 0.575459 0.000000 0.376463 0.000000 0.623537 81.442983 
0.790576 0.264901 0.885714 0.574330 0.000000 0.375157 0.000000 0.624843 81.291670 
0.792474 0.261871 0.886934 0.573200 0.000000 0.373852 0.000000 0.626148 81.141141 
0.794376 0.258849 0.888152 0.572067 0.000000 0.372546 0.000000 0.627454 80.991394 
0.796283 0.255834 0.889370 0.570933 0.000000 0.371240 0.000000 0.628760 80.842426 
0.798195 0.252826 0.890587 0.569797 0.000000 0.369934 0.000000 0.630066 80.694236 
0.800111 0.249826 0.891804 0.568659 0.000000 0.368628 0.000000 0.631372 80.546823 
0.802032 0.246833 0.893020 0.567520 0.000000 0.367322 0.000000 0.632678 80.400183 
0.803958 0.243846 0.894234 0.566378 0.000000 0.366016 0.000000 0.633984 80.254316 
0.805888 0.240867 0.895449 0.565235 0.000000 0.364710 0.000000 0.635290 80.109219 
0.807823 0.237895 0.896662 0.564090 0.000000 0.363404 0.000000 0.636596 79.964890 
0.809762 0.234931 0.897874 0.562944 0.000000 0.362098 0.000000 0.637902 79.821329 
0.811706 0.231973 0.899086 0.561795 0.000000 0.360792 0.000000 0.639208 79.678531 
0.813655 0.229022 0.900297 0.560645 0.000000 0.359486 0.000000 0.640514 79.536497 
0.815608 0.226079 0.901506 0.559493 0.000000 0.358181 0.000000 0.641819 79.395225 
0.817566 0.223142 0.902716 0.558340 0.000000 0.356876 0.000000 0.643124 79.254711 
0.819529 0.220213 0.903924 0.557185 0.000000 0.355570 0.000000 0.644430 79.114955 
0.821497 0.217290 0.905131 0.556028 0.000000 0.354266 0.000000 0.645734 78.975955 
0.823469 0.214375 0.906337 0.554869 0.000000 0.352961 0.000000 0.647039 78.837709 
0.825446 0.211467 0.907543 0.553709 0.000000 0.351656 0.000000 0.648344 78.700215 
0.827428 0.208565 0.908747 0.552547 0.000000 0.350352 0.000000 0.649648 78.563472 
0.829414 0.205670 0.909951 0.551384 0.000000 0.349048 0.000000 0.650952 78.427477 
0.831405 0.202783 0.911153 0.550218 0.000000 0.347745 0.000000 0.652255 78.292229 
0.833401 0.199902 0.912355 0.549052 0.000000 0.346441 0.000000 0.653559 78.157727 
0.835402 0.197028 0.913556 0.547883 0.000000 0.345138 0.000000 0.654862 78.023968 
0.837408 0.194161 0.914755 0.546713 0.000000 0.343836 0.000000 0.656164 77.890951 
0.839418 0.191301 0.915954 0.545541 0.000000 0.342534 0.000000 0.657466 77.758674 
0.841433 0.188448 0.917152 0.544368 0.000000 0.341232 0.000000 0.658768 77.627136 
0.843453 0.185602 0.918349 0.543193 0.000000 0.339931 0.000000 0.660069 77.496335 
0.845478 0.182762 0.919544 0.542017 0.000000 0.338630 0.000000 0.661370 77.366268 
0.847508 0.179930 0.920739 0.540839 0.000000 0.337329 0.000000 0.662671 77.236935 
0.849543 0.177104 0.921932 0.539659 0.000000 0.336030 0.000000 0.663970 77.108334 
0.851582 0.174284 0.923125 0.538478 0.000000 0.334730 0.000000 0.665270 76.980464 
0.853627 0.171472 0.924316 0.537296 0.000000 0.333431 0.000000 0.666569 76.853321 
0.855676 0.168666 0.925507 0.536111 0.000000 0.332133 0.000000 0.667867 76.726906 
0.857731 0.165867 0.926696 0.534926 0.000000 0.330836 0.000000 0.669164 76.601216 
0.859790 0.163075 0.927884 0.533739 0.000000 0.329538 0.000000 0.670462 76.476250 
0.861854 0.160289 0.929071 0.532550 0.000000 0.328242 0.000000 0.671758 76.352006 
0.863923 0.157511 0.930257 0.531360 0.000000 0.326946 0.000000 0.673054 76.228483 
0.865997 0.154738 0.931441 0.530168 0.000000 0.325651 0.000000 0.674349 76.105678 
0.868076 0.151973 0.932625 0.528975 0.000000 0.324357 0.000000 0.675643 75.983592 
0.870160 0.149214 0.933807 0.527781 0.000000 0.323063 0.000000 0.676937 75.862221 
0.872249 0.146461 0.934989 0.526585 0.000000 0.321770 0.000000 0.678230 75.741564 
0.874343 0.143715 0.936169 0.525388 0.000000 0.320478 0.000000 0.679522 75.621621 
0.876442 0.140976 0.937347 0.524189 0.000000 0.319186 0.000000 0.680814 75.502388 
0.878547 0.138244 0.938525 0.522989 0.000000 0.317896 0.000000 0.682104 75.383866 
0.880656 0.135517 0.939701 0.521788 0.000000 0.316606 0.000000 0.683394 75.266052 
0.882770 0.132798 0.940877 0.520585 0.000000 0.315317 0.000000 0.684683 75.148945 
0.884889 0.130085 0.942050 0.519381 0.000000 0.314029 0.000000 0.685971 75.032543 
0.887014 0.127378 0.943223 0.518175 0.000000 0.312742 0.000000 0.687258 74.916845 
0.889143 0.124678 0.944394 0.516968 0.000000 0.311456 0.000000 0.688544 74.801850 
0.891278 0.121984 0.945564 0.515760 0.000000 0.310170 0.000000 0.689830 74.687556 
0.893418 0.119297 0.946733 0.514550 0.000000 0.308886 0.000000 0.691114 74.573961 
0.895563 0.116617 0.947901 0.513340 0.000000 0.307602 0.000000 0.692398 74.461065 
0.897713 0.113942 0.949067 0.512128 0.000000 0.306320 0.000000 0.693680 74.348865 
0.899868 0.111274 0.950232 0.510914 0.000000 0.305039 0.000000 0.694961 74.237360 
0.902028 0.108613 0.951395 0.509700 0.000000 0.303758 0.000000 0.696242 74.126550 
0.904194 0.105958 0.952557 0.508484 0.000000 0.302479 0.000000 0.697521 74.016432 
0.906365 0.103309 0.953718 0.507267 0.000000 0.301201 0.000000 0.698799 73.907006 
0.908541 0.100666 0.954877 0.506048 0.000000 0.299924 0.000000 0.700076 73.798269 
0.910722 0.098030 0.956035 0.504829 0.000000 0.298648 0.000000 0.701352 73.690220 
0.912908 0.095400 0.957192 0.503608 0.000000 0.297373 0.000000 0.702627 73.582859 
0.915100 0.092777 0.958347 0.502386 0.000000 0.296099 0.000000 0.703901 73.476184 
0.917297 0.090160 0.959501 0.501163 0.000000 0.294827 0.000000 0.705173 73.370193 
0.919499 0.087549 0.960653 0.499939 0.000000 0.293556 0.000000 0.706444 73.264885 
0.921706 0.084944 0.961804 0.498714 0.000000 0.292286 0.000000 0.707714 73.160259 
0.923919 0.082346 0.962954 0.497487 0.000000 0.291017 0.000000 0.708983 73.056314 
0.926137 0.079753 0.964102 0.496259 0.000000 0.289750 0.000000 0.710250 72.953047 
0.928361 0.077167 0.965248 0.495031 0.000000 0.288484 0.000000 0.711516 72.850459 
0.930590 0.074587 0.966393 0.493801 0.000000 0.287219 0.000000 0.712781 72.748548 
0.932824 0.072014 0.967537 0.492570 0.000000 0.285955 0.000000 0.714045 72.647312 
0.935063 0.069446 0.968679 0.491338 0.000000 0.284693 0.000000 0.715307 72.546750 
0.937308 0.066885 0.969819 0.490105 0.000000 0.283433 0.000000 0.716567 72.446861 
0.939558 0.064330 0.970958 0.488871 0.000000 0.282173 0.000000 0.717827 72.347644 
0.941814 0.061781 0.972096 0.487636 0.000000 0.280915 0.000000 0.719085 72.249097 
0.944075 0.059238 0.973232 0.486400 0.000000 0.279659 0.000000 0.720341 72.151220 
0.946342 0.056701 0.974366 0.485163 0.000000 0.278404 0.000000 0.721596 72.054011 
0.948614 0.054170 0.975499 0.483925 0.000000 0.277151 0.000000 0.722849 71.957469 
0.950891 0.051645 0.976630 0.482686 0.000000 0.275899 0.000000 0.724101 71.861592 
0.953174 0.049126 0.977759 0.481446 0.000000 0.274649 0.000000 0.725351 71.766380 
0.955462 0.046614 0.978887 0.480206 0.000000 0.273400 0.000000 0.726600 71.671832 
0.957756 0.044107 0.980014 0.478964 0.000000 0.272153 0.000000 0.727847 71.577946 
0.960055 0.041606 0.981139 0.477721 0.000000 0.270907 0.000000 0.729093 71.484721 
0.962360 0.039112 0.982262 0.476478 0.000000 0.269663 0.000000 0.730337 71.392156 
0.964671 0.036623 0.983383 0.475233 0.000000 0.268421 0.000000 0.731579 71.300250 
0.966987 0.034140 0.984503 0.473988 0.000000 0.267181 0.000000 0.732819 71.209002 
0.969308 0.031664 0.985621 0.472742 0.000000 0.265942 0.000000 0.734058 71.118410 
0.971635 0.029193 0.986737 0.471495 0.000000 0.264704 0.000000 0.735296 71.028474 
0.973968 0.026728 0.987852 0.470247 0.000000 0.263469 0.000000 0.736531 70.939193 
0.976306 0.024269 0.988965 0.468999 0.000000 0.262235 0.000000 0.737765 70.850565 
0.978650 0.021816 0.990077 0.467749 0.000000 0.261003 0.000000 0.738997 70.762590 
0.981000 0.019368 0.991186 0.466499 0.000000 0.259773 0.000000 0.740227 70.675265 
0.983355 0.016927 0.992294 0.465249 0.000000 0.258545 0.000000 0.741455 70.588592 
0.985716 0.014491 0.993400 0.463997 0.000000 0.257319 0.000000 0.742681 70.502567 
0.988082 0.012062 0.994505 0.462745 0.000000 0.256094 0.000000 0.743906 70.417191 
0.990454 0.009638 0.995607 0.461492 0.000000 0.254871 0.000000 0.745129 70.332462 
0.992832 0.007220 0.996708 0.460238 0.000000 0.253651 0.000000 0.746349 70.248380 
0.995216 0.004807 0.997807 0.458984 0.000000 0.252432 0.000000 0.747568 70.164942 
0.997605 0.002401 0.998905 0.457729 0.000000 0.251215 0.000000 0.748785 70.082150 
1.000000 0.000000 1.000000 0.456473 0.000000 0.250000 0.000000 0.750000 70.000000 
